Info [verificarlo]: loaded backend libinterflop_cancellation.so
Info [cancellation]: load backend with:
Info [cancellation]: tolerance = 1
Info [cancellation]: warning = false
Info [cancellation]: seed = 0
Info [cancellation]: ddebug: only 2 addresses will be instrumented
 i Ai+1                  Ti+1
 1 3.489743457043506e+00 2.908119547536255e-01
 2 3.495906543815599e+00 1.456627726589833e-01
 3 3.487032191062573e+00 7.264650398047026e-02
 4 3.479659577382362e+00 3.624645393106627e-02
 5 3.477811391650642e+00 1.811360099818043e-02
 6 3.477658370081980e+00 9.056402005421823e-03
 7 3.477600024522485e+00 4.528125031930319e-03
 8 3.477592147900714e+00 2.264057387956194e-03
 9 3.477587739536219e+00 1.132027258963613e-03
10 3.477586958878389e+00 5.660135024216128e-04
11 3.477586442097076e+00 2.830067091550355e-04
12 3.477586352308936e+00 1.415033509240290e-04
13 3.477586336589853e+00 7.075167514220893e-05
14 3.477586193503968e+00 3.537583611555957e-05
15 3.477585720235911e+00 1.768791565061397e-05
16 3.477583725742570e+00 8.843952753048120e-06
17 3.477570911255817e+00 4.421960082061534e-06
18 3.477563980830142e+00 2.210975634784789e-06
19 3.477333971092520e+00 1.105414699265963e-06
20 3.476616157450903e+00 5.525932562273190e-07
21 3.473541894787197e+00 2.760523076683042e-07
22 3.461434427505737e+00 1.375450463098581e-07
23 3.412602563299724e+00 6.780232118168918e-08
24 3.296604216672135e+00 3.274882054996624e-08
25 2.730082050639777e+00 1.356046423633783e-08
5.773502691896258e-01
2.908119547536255e-01
1.456627726589833e-01
7.264650398047026e-02
3.624645393106627e-02
1.811360099818043e-02
9.056402005421823e-03
4.528125031930319e-03
2.264057387956194e-03
1.132027258963613e-03
5.660135024216128e-04
2.830067091550355e-04
1.415033509240290e-04
7.075167514220893e-05
3.537583611555957e-05
1.768791565061397e-05
8.843952753048120e-06
4.421960082061534e-06
2.210975634784789e-06
1.105414699265963e-06
5.525932562273190e-07
2.760523076683042e-07
1.375450463098581e-07
6.780232118168918e-08
3.274882054996624e-08
2.730082050639777e+00
