Info [verificarlo]: loaded backend libinterflop_cancellation.so
Info [cancellation]: load backend with:
Info [cancellation]: tolerance = 1
Info [cancellation]: warning = false
Info [cancellation]: seed = 0
Info [cancellation]: ddebug: only 2 addresses will be instrumented
 i Ai+1                  Ti+1
 1 2.966730902771335e+00 2.472275752309446e-01
 2 2.918157082878466e+00 1.215898784532694e-01
 3 2.907296090466083e+00 6.056866855137673e-02
 4 2.903631638834927e+00 3.024616290453050e-02
 5 2.903220640213856e+00 1.512094083444717e-02
 6 2.903146980238867e+00 7.560278594372049e-03
 7 2.903101029242243e+00 3.780079465159170e-03
 8 2.903090255000406e+00 1.890032718099223e-03
 9 2.903088750339257e+00 9.450158692510604e-04
10 2.903087882960716e+00 4.725077934506373e-04
11 2.903087642581204e+00 2.362538771631839e-04
12 2.903087624396088e+00 1.181269378416377e-04
13 2.903087640274654e+00 5.906346924386911e-05
14 2.903087719310974e+00 2.953173542593357e-05
15 2.903087270473465e+00 1.476586543006116e-05
16 2.903083284673811e+00 7.382922578617886e-06
17 2.903081357463181e+00 3.691458838733903e-06
18 2.903083284669767e+00 1.845730644651901e-06
19 2.902986748328668e+00 9.228346342495817e-07
20 2.901947937275074e+00 4.612522025545556e-07
21 2.901472409910418e+00 2.305883097577427e-07
22 2.883772898001929e+00 1.145908394655358e-07
23 2.828326046635364e+00 5.619378977289526e-08
24 2.784332453243240e+00 2.765985780202587e-08
25 1.616186312363065e+00 8.027684253270752e-09
5.773502691896258e-01
2.472275752309446e-01
1.215898784532694e-01
6.056866855137673e-02
3.024616290453050e-02
1.512094083444717e-02
7.560278594372049e-03
3.780079465159170e-03
1.890032718099223e-03
9.450158692510604e-04
4.725077934506373e-04
2.362538771631839e-04
1.181269378416377e-04
5.906346924386911e-05
2.953173542593357e-05
1.476586543006116e-05
7.382922578617886e-06
3.691458838733903e-06
1.845730644651901e-06
9.228346342495817e-07
4.612522025545556e-07
2.305883097577427e-07
1.145908394655358e-07
5.619378977289526e-08
2.765985780202587e-08
1.616186312363065e+00
