Info [verificarlo]: loaded backend libinterflop_cancellation.so
Info [cancellation]: load backend with:
Info [cancellation]: tolerance = 1
Info [cancellation]: warning = false
Info [cancellation]: seed = 0
Info [cancellation]: ddebug: only 8 addresses will be instrumented
 i Ai+1                  Ti+1
 1 3.282411757627674e+00 2.735343131356395e-01
 2 3.224963087493596e+00 1.343734619788998e-01
 3 3.212946541561559e+00 6.693638628253248e-02
 4 3.214624081964186e+00 3.348566752046028e-02
 5 3.213525502876049e+00 1.673711199414609e-02
 6 3.213384803244816e+00 8.368189591783374e-03
 7 3.213391690954253e+00 4.184103764263351e-03
 8 3.213360820848624e+00 2.092031784406656e-03
 9 3.213356474481015e+00 1.046014477370122e-03
10 3.213356456710327e+00 5.230072357926965e-04
11 3.213356497394614e+00 2.615036212072440e-04
12 3.213356413903108e+00 1.307518072063439e-04
13 3.213356370325543e+00 6.537590271658412e-05
14 3.213356400920412e+00 3.268795166951916e-05
15 3.213356373754933e+00 1.634397569658881e-05
16 3.213355066001700e+00 8.171984522505952e-06
17 3.213351031883481e+00 4.085987131606396e-06
18 3.213312329019616e+00 2.042968959185038e-06
19 3.213180081692159e+00 1.021442439299316e-06
20 3.212628500053667e+00 5.106335481093196e-07
21 3.211812188937110e+00 2.552518994758216e-07
22 3.196209615045189e+00 1.270059591549710e-07
23 3.167814761691363e+00 6.293882452828414e-08
24 3.196209615045185e+00 3.175148978874271e-08
25 2.815835343725655e+00 1.398640545072980e-08
5.773502691896258e-01
2.735343131356395e-01
1.343734619788998e-01
6.693638628253248e-02
3.348566752046028e-02
1.673711199414609e-02
8.368189591783374e-03
4.184103764263351e-03
2.092031784406656e-03
1.046014477370122e-03
5.230072357926965e-04
2.615036212072440e-04
1.307518072063439e-04
6.537590271658412e-05
3.268795166951916e-05
1.634397569658881e-05
8.171984522505952e-06
4.085987131606396e-06
2.042968959185038e-06
1.021442439299316e-06
5.106335481093196e-07
2.552518994758216e-07
1.270059591549710e-07
6.293882452828414e-08
3.175148978874271e-08
2.815835343725655e+00
