Info [verificarlo]: loaded backend libinterflop_cancellation.so
Info [cancellation]: load backend with:
Info [cancellation]: tolerance = 1
Info [cancellation]: warning = false
Info [cancellation]: seed = 0
Info [cancellation]: ddebug: only 4 addresses will be instrumented
 i Ai+1                  Ti+1
 1 3.302606046646388e+00 2.752171705538657e-01
 2 3.308207350806202e+00 1.378419729502584e-01
 3 3.283074368409076e+00 6.839738267518908e-02
 4 3.275650747156473e+00 3.412136194954660e-02
 5 3.274791176765127e+00 1.705620404565170e-02
 6 3.274452131247368e+00 8.527219091790021e-03
 7 3.274332369011622e+00 4.263453605483882e-03
 8 3.274309426342715e+00 2.131711866108539e-03
 9 3.274303427075449e+00 1.065853980167789e-03
10 3.274301251813621e+00 5.329266360373732e-04
11 3.274300937786395e+00 2.664632924630856e-04
12 3.274300813138673e+00 1.332316411596140e-04
13 3.274300805293354e+00 6.661582042019357e-05
14 3.274300827323852e+00 3.330791043420259e-05
15 3.274301138537822e+00 1.665395680001740e-05
16 3.274299516289912e+00 8.326974274418926e-06
17 3.274290652800194e+00 4.163475866699465e-06
18 3.274299516327265e+00 2.081743568628480e-06
19 3.274122886716886e+00 1.040815635273261e-06
20 3.273628415790830e+00 5.203292235995657e-07
21 3.270095675294642e+00 2.598838548099710e-07
22 3.268252999673242e+00 1.298687060544190e-07
23 3.270095675294568e+00 6.497096370249128e-08
24 3.096239683900972e+00 3.075837774973087e-08
25 2.906751711372952e+00 1.443799193388696e-08
5.773502691896258e-01
2.752171705538657e-01
1.378419729502584e-01
6.839738267518908e-02
3.412136194954660e-02
1.705620404565170e-02
8.527219091790021e-03
4.263453605483882e-03
2.131711866108539e-03
1.065853980167789e-03
5.329266360373732e-04
2.664632924630856e-04
1.332316411596140e-04
6.661582042019357e-05
3.330791043420259e-05
1.665395680001740e-05
8.326974274418926e-06
4.163475866699465e-06
2.081743568628480e-06
1.040815635273261e-06
5.203292235995657e-07
2.598838548099710e-07
1.298687060544190e-07
6.497096370249128e-08
3.075837774973087e-08
2.906751711372952e+00
