i x result
1 -1.0000000000000000e+00 -4.4000011444091797e+01
1 -9.8999999999999999e-01 -3.9599990844726562e+01
1 -9.7999999999999998e-01 -3.5933330535888672e+01
1 -9.6999999999999997e-01 -3.2830768585205078e+01
1 -9.5999999999999996e-01 -3.0171428680419922e+01
1 -9.4999999999999996e-01 -2.7866668701171875e+01
1 -9.3999999999999995e-01 -2.5850004196166992e+01
1 -9.3000000000000005e-01 -2.4070592880249023e+01
1 -9.2000000000000004e-01 -2.2488885879516602e+01
1 -9.1000000000000003e-01 -2.1073682785034180e+01
1 -9.0000000000000002e-01 -1.9799999237060547e+01
1 -8.9000000000000001e-01 -1.8647619247436523e+01
1 -8.8000000000000000e-01 -1.7600000381469727e+01
1 -8.7000000000000000e-01 -1.6643480300903320e+01
1 -8.5999999999999999e-01 -1.5766669273376465e+01
1 -8.4999999999999998e-01 -1.4959999084472656e+01
1 -8.3999999999999997e-01 -1.4215383529663086e+01
1 -8.2999999999999996e-01 -1.3525925636291504e+01
1 -8.1999999999999995e-01 -1.2885714530944824e+01
1 -8.1000000000000005e-01 -1.2289655685424805e+01
1 -8.0000000000000004e-01 -1.1733334541320801e+01
1 -7.9000000000000004e-01 -1.1212902069091797e+01
1 -7.8000000000000003e-01 -1.0724998474121094e+01
1 -7.7000000000000002e-01 -1.0266666412353516e+01
1 -7.6000000000000001e-01 -9.8352937698364258e+00
1 -7.5000000000000000e-01 -9.4285717010498047e+00
1 -7.3999999999999999e-01 -9.0444450378417969e+00
1 -7.2999999999999998e-01 -8.6810817718505859e+00
1 -7.1999999999999997e-01 -8.3368415832519531e+00
1 -7.0999999999999996e-01 -8.0102558135986328e+00
1 -6.9999999999999996e-01 -7.6999998092651367e+00
1 -6.8999999999999995e-01 -7.4048781394958496e+00
1 -6.8000000000000005e-01 -7.1238098144531250e+00
1 -6.7000000000000004e-01 -6.8558144569396973e+00
1 -6.6000000000000003e-01 -6.6000008583068848e+00
1 -6.5000000000000002e-01 -6.3555550575256348e+00
1 -6.4000000000000001e-01 -6.1217389106750488e+00
1 -6.3000000000000000e-01 -5.8978719711303711e+00
1 -6.2000000000000000e-01 -5.6833333969116211e+00
1 -6.0999999999999999e-01 -5.4775514602661133e+00
1 -5.9999999999999998e-01 -5.2800002098083496e+00
1 -5.8999999999999997e-01 -5.0901961326599121e+00
1 -5.7999999999999996e-01 -4.9076919555664062e+00
1 -5.6999999999999995e-01 -4.7320752143859863e+00
1 -5.6000000000000005e-01 -4.5629630088806152e+00
1 -5.5000000000000004e-01 -4.4000000953674316e+00
1 -5.4000000000000004e-01 -4.2428574562072754e+00
1 -5.3000000000000003e-01 -4.0912280082702637e+00
1 -5.2000000000000002e-01 -3.9448275566101074e+00
1 -5.1000000000000001e-01 -3.8033900260925293e+00
1 -5.0000000000000000e-01 -3.6666669845581055e+00
1 -4.8999999999999999e-01 -3.5344262123107910e+00
1 -4.7999999999999998e-01 -3.4064514636993408e+00
1 -4.6999999999999997e-01 -3.2825398445129395e+00
1 -4.6000000000000002e-01 -3.1624999046325684e+00
1 -4.5000000000000001e-01 -3.0461535453796387e+00
1 -4.4000000000000000e-01 -2.9333331584930420e+00
1 -4.2999999999999999e-01 -2.8238806724548340e+00
1 -4.1999999999999998e-01 -2.7176468372344971e+00
1 -4.0999999999999998e-01 -2.6144926548004150e+00
1 -4.0000000000000002e-01 -2.5142858028411865e+00
1 -3.9000000000000001e-01 -2.4169013500213623e+00
1 -3.8000000000000000e-01 -2.3222222328186035e+00
1 -3.7000000000000000e-01 -2.2301371097564697e+00
1 -3.5999999999999999e-01 -2.1405405998229980e+00
1 -3.4999999999999998e-01 -2.0533332824707031e+00
1 -3.4000000000000002e-01 -1.9684211015701294e+00
1 -3.3000000000000002e-01 -1.8857144117355347e+00
1 -3.2000000000000001e-01 -1.8051280975341797e+00
1 -3.1000000000000000e-01 -1.7265821695327759e+00
1 -2.9999999999999999e-01 -1.6499999761581421e+00
1 -2.8999999999999998e-01 -1.5753085613250732e+00
1 -2.8000000000000003e-01 -1.5024390220642090e+00
1 -2.7000000000000002e-01 -1.4313253164291382e+00
1 -2.6000000000000001e-01 -1.3619047403335571e+00
1 -2.5000000000000000e-01 -1.2941176891326904e+00
1 -2.3999999999999999e-01 -1.2279069423675537e+00
1 -2.3000000000000001e-01 -1.1632183790206909e+00
1 -2.2000000000000000e-01 -1.1000000238418579e+00
1 -2.0999999999999999e-01 -1.0382021665573120e+00
1 -2.0000000000000001e-01 -9.7777777910232544e-01
1 -1.9000000000000000e-01 -9.1868132352828979e-01
1 -1.7999999999999999e-01 -8.6086958646774292e-01
1 -1.7000000000000001e-01 -8.0430108308792114e-01
1 -1.6000000000000000e-01 -7.4893611669540405e-01
1 -1.4999999999999999e-01 -6.9473683834075928e-01
1 -1.4000000000000001e-01 -6.4166665077209473e-01
1 -1.3000000000000000e-01 -5.8969068527221680e-01
1 -1.2000000000000000e-01 -5.3877550363540649e-01
1 -1.1000000000000000e-01 -4.8888888955116272e-01
1 -1.0000000000000001e-01 -4.4000002741813660e-01
1 -8.9999999999999997e-02 -3.9207920432090759e-01
1 -8.0000000000000002e-02 -3.4509801864624023e-01
1 -7.0000000000000007e-02 -2.9902914166450500e-01
1 -5.9999999999999998e-02 -2.5384613871574402e-01
1 -5.0000000000000003e-02 -2.0952381193637848e-01
1 -4.0000000000000001e-02 -1.6603773832321167e-01
1 -2.9999999999999999e-02 -1.2336447834968567e-01
1 -2.0000000000000000e-02 -8.1481479108333588e-02
1 -1.0000000000000000e-02 -4.0366970002651215e-02
1 0.0000000000000000e+00 0.0000000000000000e+00
1 1.0000000000000000e-02 3.9639640599489212e-02
1 2.0000000000000000e-02 7.8571431338787079e-02
1 2.9999999999999999e-02 1.1681415885686874e-01
1 4.0000000000000001e-02 1.5438596904277802e-01
1 5.0000000000000003e-02 1.9130435585975647e-01
1 5.9999999999999998e-02 2.2758620977401733e-01
1 7.0000000000000007e-02 2.6324787735939026e-01
1 8.0000000000000002e-02 2.9830506443977356e-01
1 8.9999999999999997e-02 3.3277311921119690e-01
1 1.0000000000000001e-01 3.6666667461395264e-01
1 1.1000000000000000e-01 3.9999997615814209e-01
1 1.2000000000000000e-01 4.3278688192367554e-01
1 1.3000000000000000e-01 4.6504062414169312e-01
1 1.4000000000000001e-01 4.9677419662475586e-01
1 1.4999999999999999e-01 5.2799999713897705e-01
1 1.6000000000000000e-01 5.5873018503189087e-01
1 1.7000000000000001e-01 5.8897638320922852e-01
1 1.7999999999999999e-01 6.1875003576278687e-01
1 1.9000000000000000e-01 6.4806205034255981e-01
1 2.0000000000000001e-01 6.7692303657531738e-01
1 2.0999999999999999e-01 7.0534348487854004e-01
1 2.2000000000000000e-01 7.3333328962326050e-01
1 2.3000000000000001e-01 7.6090222597122192e-01
1 2.3999999999999999e-01 7.8805965185165405e-01
1 2.5000000000000000e-01 8.1481480598449707e-01
1 2.6000000000000001e-01 8.4117645025253296e-01
1 2.7000000000000002e-01 8.6715328693389893e-01
1 2.8000000000000003e-01 8.9275360107421875e-01
1 2.8999999999999998e-01 9.1798561811447144e-01
1 2.9999999999999999e-01 9.4285720586776733e-01
1 3.1000000000000000e-01 9.6737593412399292e-01
1 3.2000000000000001e-01 9.9154931306838989e-01
1 3.3000000000000002e-01 1.0153846740722656e+00
1 3.4000000000000002e-01 1.0388889312744141e+00
1 3.4999999999999998e-01 1.0620690584182739e+00
1 3.5999999999999999e-01 1.0849316120147705e+00
1 3.7000000000000000e-01 1.1074830293655396e+00
1 3.8000000000000000e-01 1.1297297477722168e+00
1 3.9000000000000001e-01 1.1516778469085693e+00
1 4.0000000000000002e-01 1.1733332872390747e+00
1 4.0999999999999998e-01 1.1947020292282104e+00
1 4.1999999999999998e-01 1.2157894372940063e+00
1 4.2999999999999999e-01 1.2366013526916504e+00
1 4.4000000000000000e-01 1.2571429014205933e+00
1 4.5000000000000001e-01 1.2774193286895752e+00
1 4.6000000000000002e-01 1.2974359989166260e+00
1 4.6999999999999997e-01 1.3171974420547485e+00
1 4.7999999999999998e-01 1.3367087841033936e+00
1 4.8999999999999999e-01 1.3559747934341431e+00
1 5.0000000000000000e-01 1.3750000000000000e+00
1 5.1000000000000001e-01 1.3937888145446777e+00
1 5.2000000000000002e-01 1.4123456478118896e+00
1 5.3000000000000003e-01 1.4306747913360596e+00
1 5.4000000000000004e-01 1.4487805366516113e+00
1 5.5000000000000004e-01 1.4666666984558105e+00
1 5.6000000000000005e-01 1.4843373298645020e+00
1 5.6999999999999995e-01 1.5017963647842407e+00
1 5.7999999999999996e-01 1.5190476179122925e+00
1 5.8999999999999997e-01 1.5360946655273438e+00
1 5.9999999999999998e-01 1.5529413223266602e+00
1 6.0999999999999999e-01 1.5695906877517700e+00
1 6.2000000000000000e-01 1.5860465764999390e+00
1 6.3000000000000000e-01 1.6023122072219849e+00
1 6.4000000000000001e-01 1.6183907985687256e+00
1 6.5000000000000002e-01 1.6342856884002686e+00
1 6.6000000000000003e-01 1.6500000953674316e+00
1 6.7000000000000004e-01 1.6655367612838745e+00
1 6.8000000000000005e-01 1.6808989048004150e+00
1 6.8999999999999995e-01 1.6960893869400024e+00
1 6.9999999999999996e-01 1.7111110687255859e+00
1 7.0999999999999996e-01 1.7259668111801147e+00
1 7.1999999999999997e-01 1.7406594753265381e+00
1 7.2999999999999998e-01 1.7551912069320679e+00
1 7.3999999999999999e-01 1.7695651054382324e+00
1 7.5000000000000000e-01 1.7837836742401123e+00
1 7.6000000000000001e-01 1.7978494167327881e+00
1 7.7000000000000002e-01 1.8117645978927612e+00
1 7.8000000000000003e-01 1.8255318403244019e+00
1 7.9000000000000004e-01 1.8391534090042114e+00
1 8.0000000000000004e-01 1.8526315689086914e+00
1 8.1000000000000005e-01 1.8659685850143433e+00
1 8.1999999999999995e-01 1.8791666030883789e+00
1 8.2999999999999996e-01 1.8922278881072998e+00
1 8.3999999999999997e-01 1.9051545858383179e+00
1 8.4999999999999998e-01 1.9179488420486450e+00
1 8.5999999999999999e-01 1.9306123256683350e+00
1 8.7000000000000000e-01 1.9431473016738892e+00
1 8.8000000000000000e-01 1.9555555582046509e+00
1 8.9000000000000001e-01 1.9678392410278320e+00
1 9.0000000000000002e-01 1.9800000190734863e+00
1 9.1000000000000003e-01 1.9920399188995361e+00
1 9.2000000000000004e-01 2.0039606094360352e+00
1 9.3000000000000005e-01 2.0157635211944580e+00
1 9.3999999999999995e-01 2.0274510383605957e+00
1 9.4999999999999996e-01 2.0390243530273438e+00
1 9.5999999999999996e-01 2.0504853725433350e+00
1 9.6999999999999997e-01 2.0618357658386230e+00
1 9.7999999999999998e-01 2.0730769634246826e+00
1 9.8999999999999999e-01 2.0842106342315674e+00
1 1.0000000000000000e+00 2.0952379703521729e+00
