i x result
1 -1.0000000000000000e+00 -4.4031250000000000e+01
1 -9.8999999999999999e-01 -3.9562500000000000e+01
1 -9.7999999999999998e-01 -3.6000000000000000e+01
1 -9.6999999999999997e-01 -3.2843750000000000e+01
1 -9.5999999999999996e-01 -3.0125000000000000e+01
1 -9.4999999999999996e-01 -2.7906250000000000e+01
1 -9.3999999999999995e-01 -2.5843750000000000e+01
1 -9.3000000000000005e-01 -2.4031250000000000e+01
1 -9.2000000000000004e-01 -2.2500000000000000e+01
1 -9.1000000000000003e-01 -2.1062500000000000e+01
1 -9.0000000000000002e-01 -1.9812500000000000e+01
1 -8.9000000000000001e-01 -1.8656250000000000e+01
1 -8.8000000000000000e-01 -1.7578125000000000e+01
1 -8.7000000000000000e-01 -1.6656250000000000e+01
1 -8.5999999999999999e-01 -1.5757812500000000e+01
1 -8.4999999999999998e-01 -1.4976562500000000e+01
1 -8.3999999999999997e-01 -1.4218750000000000e+01
1 -8.2999999999999996e-01 -1.3515625000000000e+01
1 -8.1999999999999995e-01 -1.2890625000000000e+01
1 -8.1000000000000005e-01 -1.2289062500000000e+01
1 -8.0000000000000004e-01 -1.1718750000000000e+01
1 -7.9000000000000004e-01 -1.1218750000000000e+01
1 -7.8000000000000003e-01 -1.0718750000000000e+01
1 -7.7000000000000002e-01 -1.0273437500000000e+01
1 -7.6000000000000001e-01 -9.8359375000000000e+00
1 -7.5000000000000000e-01 -9.4218750000000000e+00
1 -7.3999999999999999e-01 -9.0468750000000000e+00
1 -7.2999999999999998e-01 -8.6796875000000000e+00
1 -7.1999999999999997e-01 -8.3437500000000000e+00
1 -7.0999999999999996e-01 -8.0078125000000000e+00
1 -6.9999999999999996e-01 -7.6992187500000000e+00
1 -6.8999999999999995e-01 -7.4062500000000000e+00
1 -6.8000000000000005e-01 -7.1250000000000000e+00
1 -6.7000000000000004e-01 -6.8515625000000000e+00
1 -6.6000000000000003e-01 -6.6015625000000000e+00
1 -6.5000000000000002e-01 -6.3515625000000000e+00
1 -6.4000000000000001e-01 -6.1250000000000000e+00
1 -6.3000000000000000e-01 -5.8984375000000000e+00
1 -6.2000000000000000e-01 -5.6835937500000000e+00
1 -6.0999999999999999e-01 -5.4765625000000000e+00
1 -5.9999999999999998e-01 -5.2812500000000000e+00
1 -5.8999999999999997e-01 -5.0859375000000000e+00
1 -5.7999999999999996e-01 -4.9101562500000000e+00
1 -5.6999999999999995e-01 -4.7304687500000000e+00
1 -5.6000000000000005e-01 -4.5664062500000000e+00
1 -5.5000000000000004e-01 -4.3984375000000000e+00
1 -5.4000000000000004e-01 -4.2460937500000000e+00
1 -5.3000000000000003e-01 -4.0898437500000000e+00
1 -5.2000000000000002e-01 -3.9453125000000000e+00
1 -5.1000000000000001e-01 -3.8027343750000000e+00
1 -5.0000000000000000e-01 -3.6660156250000000e+00
1 -4.8999999999999999e-01 -3.5332031250000000e+00
1 -4.7999999999999998e-01 -3.4082031250000000e+00
1 -4.6999999999999997e-01 -3.2812500000000000e+00
1 -4.6000000000000002e-01 -3.1601562500000000e+00
1 -4.5000000000000001e-01 -3.0468750000000000e+00
1 -4.4000000000000000e-01 -2.9316406250000000e+00
1 -4.2999999999999999e-01 -2.8222656250000000e+00
1 -4.1999999999999998e-01 -2.7167968750000000e+00
1 -4.0999999999999998e-01 -2.6152343750000000e+00
1 -4.0000000000000002e-01 -2.5117187500000000e+00
1 -3.9000000000000001e-01 -2.4160156250000000e+00
1 -3.8000000000000000e-01 -2.3222656250000000e+00
1 -3.7000000000000000e-01 -2.2304687500000000e+00
1 -3.5999999999999999e-01 -2.1406250000000000e+00
1 -3.4999999999999998e-01 -2.0546875000000000e+00
1 -3.4000000000000002e-01 -1.9687500000000000e+00
1 -3.3000000000000002e-01 -1.8857421875000000e+00
1 -3.2000000000000001e-01 -1.8056640625000000e+00
1 -3.1000000000000000e-01 -1.7265625000000000e+00
1 -2.9999999999999999e-01 -1.6494140625000000e+00
1 -2.8999999999999998e-01 -1.5751953125000000e+00
1 -2.8000000000000003e-01 -1.5029296875000000e+00
1 -2.7000000000000002e-01 -1.4316406250000000e+00
1 -2.6000000000000001e-01 -1.3623046875000000e+00
1 -2.5000000000000000e-01 -1.2949218750000000e+00
1 -2.3999999999999999e-01 -1.2275390625000000e+00
1 -2.3000000000000001e-01 -1.1630859375000000e+00
1 -2.2000000000000000e-01 -1.1005859375000000e+00
1 -2.0999999999999999e-01 -1.0380859375000000e+00
1 -2.0000000000000001e-01 -9.7753906250000000e-01
1 -1.9000000000000000e-01 -9.1845703125000000e-01
1 -1.7999999999999999e-01 -8.6083984375000000e-01
1 -1.7000000000000001e-01 -8.0419921875000000e-01
1 -1.6000000000000000e-01 -7.4902343750000000e-01
1 -1.4999999999999999e-01 -6.9482421875000000e-01
1 -1.4000000000000001e-01 -6.4208984375000000e-01
1 -1.3000000000000000e-01 -5.8984375000000000e-01
1 -1.2000000000000000e-01 -5.3857421875000000e-01
1 -1.1000000000000000e-01 -4.8876953125000000e-01
1 -1.0000000000000001e-01 -4.3994140625000000e-01
1 -8.9999999999999997e-02 -3.9233398437500000e-01
1 -8.0000000000000002e-02 -3.4521484375000000e-01
1 -7.0000000000000007e-02 -2.9907226562500000e-01
1 -5.9999999999999998e-02 -2.5390625000000000e-01
1 -5.0000000000000003e-02 -2.0947265625000000e-01
1 -4.0000000000000001e-02 -1.6601562500000000e-01
1 -2.9999999999999999e-02 -1.2335205078125000e-01
1 -2.0000000000000000e-02 -8.1481933593750000e-02
1 -1.0000000000000000e-02 -4.0374755859375000e-02
1 0.0000000000000000e+00 0.0000000000000000e+00
1 1.0000000000000000e-02 3.9672851562500000e-02
1 2.0000000000000000e-02 7.8552246093750000e-02
1 2.9999999999999999e-02 1.1682128906250000e-01
1 4.0000000000000001e-02 1.5441894531250000e-01
1 5.0000000000000003e-02 1.9116210937500000e-01
1 5.9999999999999998e-02 2.2753906250000000e-01
1 7.0000000000000007e-02 2.6342773437500000e-01
1 8.0000000000000002e-02 2.9858398437500000e-01
1 8.9999999999999997e-02 3.3276367187500000e-01
1 1.0000000000000001e-01 3.6669921875000000e-01
1 1.1000000000000000e-01 4.0014648437500000e-01
1 1.2000000000000000e-01 4.3261718750000000e-01
1 1.3000000000000000e-01 4.6508789062500000e-01
1 1.4000000000000001e-01 4.9707031250000000e-01
1 1.4999999999999999e-01 5.2783203125000000e-01
1 1.6000000000000000e-01 5.5859375000000000e-01
1 1.7000000000000001e-01 5.8935546875000000e-01
1 1.7999999999999999e-01 6.1865234375000000e-01
1 1.9000000000000000e-01 6.4794921875000000e-01
1 2.0000000000000001e-01 6.7675781250000000e-01
1 2.0999999999999999e-01 7.0507812500000000e-01
1 2.2000000000000000e-01 7.3291015625000000e-01
1 2.3000000000000001e-01 7.6074218750000000e-01
1 2.3999999999999999e-01 7.8808593750000000e-01
1 2.5000000000000000e-01 8.1445312500000000e-01
1 2.6000000000000001e-01 8.4130859375000000e-01
1 2.7000000000000002e-01 8.6767578125000000e-01
1 2.8000000000000003e-01 8.9257812500000000e-01
1 2.8999999999999998e-01 9.1796875000000000e-01
1 2.9999999999999999e-01 9.4335937500000000e-01
1 3.1000000000000000e-01 9.6777343750000000e-01
1 3.2000000000000001e-01 9.9169921875000000e-01
1 3.3000000000000002e-01 1.0156250000000000e+00
1 3.4000000000000002e-01 1.0400390625000000e+00
1 3.4999999999999998e-01 1.0625000000000000e+00
1 3.5999999999999999e-01 1.0849609375000000e+00
1 3.7000000000000000e-01 1.1083984375000000e+00
1 3.8000000000000000e-01 1.1289062500000000e+00
1 3.9000000000000001e-01 1.1513671875000000e+00
1 4.0000000000000002e-01 1.1738281250000000e+00
1 4.0999999999999998e-01 1.1943359375000000e+00
1 4.1999999999999998e-01 1.2158203125000000e+00
1 4.2999999999999999e-01 1.2363281250000000e+00
1 4.4000000000000000e-01 1.2568359375000000e+00
1 4.5000000000000001e-01 1.2773437500000000e+00
1 4.6000000000000002e-01 1.2978515625000000e+00
1 4.6999999999999997e-01 1.3164062500000000e+00
1 4.7999999999999998e-01 1.3369140625000000e+00
1 4.8999999999999999e-01 1.3564453125000000e+00
1 5.0000000000000000e-01 1.3740234375000000e+00
1 5.1000000000000001e-01 1.3925781250000000e+00
1 5.2000000000000002e-01 1.4121093750000000e+00
1 5.3000000000000003e-01 1.4296875000000000e+00
1 5.4000000000000004e-01 1.4482421875000000e+00
1 5.5000000000000004e-01 1.4658203125000000e+00
1 5.6000000000000005e-01 1.4833984375000000e+00
1 5.6999999999999995e-01 1.5019531250000000e+00
1 5.7999999999999996e-01 1.5195312500000000e+00
1 5.8999999999999997e-01 1.5361328125000000e+00
1 5.9999999999999998e-01 1.5537109375000000e+00
1 6.0999999999999999e-01 1.5693359375000000e+00
1 6.2000000000000000e-01 1.5869140625000000e+00
1 6.3000000000000000e-01 1.6025390625000000e+00
1 6.4000000000000001e-01 1.6181640625000000e+00
1 6.5000000000000002e-01 1.6337890625000000e+00
1 6.6000000000000003e-01 1.6503906250000000e+00
1 6.7000000000000004e-01 1.6650390625000000e+00
1 6.8000000000000005e-01 1.6816406250000000e+00
1 6.8999999999999995e-01 1.6962890625000000e+00
1 6.9999999999999996e-01 1.7109375000000000e+00
1 7.0999999999999996e-01 1.7255859375000000e+00
1 7.1999999999999997e-01 1.7412109375000000e+00
1 7.2999999999999998e-01 1.7548828125000000e+00
1 7.3999999999999999e-01 1.7695312500000000e+00
1 7.5000000000000000e-01 1.7841796875000000e+00
1 7.6000000000000001e-01 1.7968750000000000e+00
1 7.7000000000000002e-01 1.8115234375000000e+00
1 7.8000000000000003e-01 1.8251953125000000e+00
1 7.9000000000000004e-01 1.8388671875000000e+00
1 8.0000000000000004e-01 1.8525390625000000e+00
1 8.1000000000000005e-01 1.8662109375000000e+00
1 8.1999999999999995e-01 1.8779296875000000e+00
1 8.2999999999999996e-01 1.8935546875000000e+00
1 8.3999999999999997e-01 1.9042968750000000e+00
1 8.4999999999999998e-01 1.9169921875000000e+00
1 8.5999999999999999e-01 1.9306640625000000e+00
1 8.7000000000000000e-01 1.9433593750000000e+00
1 8.8000000000000000e-01 1.9550781250000000e+00
1 8.9000000000000001e-01 1.9687500000000000e+00
1 9.0000000000000002e-01 1.9794921875000000e+00
1 9.1000000000000003e-01 1.9921875000000000e+00
1 9.2000000000000004e-01 2.0039062500000000e+00
1 9.3000000000000005e-01 2.0156250000000000e+00
1 9.3999999999999995e-01 2.0273437500000000e+00
1 9.4999999999999996e-01 2.0390625000000000e+00
1 9.5999999999999996e-01 2.0507812500000000e+00
1 9.6999999999999997e-01 2.0625000000000000e+00
1 9.7999999999999998e-01 2.0742187500000000e+00
1 9.8999999999999999e-01 2.0839843750000000e+00
1 1.0000000000000000e+00 2.0957031250000000e+00
