Info [verificarlo]: loaded backend libinterflop_cancellation.so
Info [cancellation]: load backend with:
Info [cancellation]: tolerance = 1
Info [cancellation]: warning = false
Info [cancellation]: seed = 0
Info [cancellation]: ddebug: only 7 addresses will be instrumented
 i Ai+1                  Ti+1
 1 3.364141585155899e+00 2.803451320963249e-01
 2 3.345606952673182e+00 1.394002896947159e-01
 3 3.328323917217657e+00 6.934008160870118e-02
 4 3.325367995833676e+00 3.463924995660080e-02
 5 3.323693433216457e+00 1.731090329800238e-02
 6 3.323445382851702e+00 8.654805684509641e-03
 7 3.323448604054328e+00 4.327407036529073e-03
 8 3.323438439016535e+00 2.163696900401390e-03
 9 3.323434855438686e+00 1.081847283671447e-03
10 3.323433880131096e+00 5.409234830942538e-04
11 3.323433452103616e+00 2.704617067141614e-04
12 3.323433464461348e+00 1.352308538599181e-04
13 3.323433442440930e+00 6.761542648195251e-05
14 3.323433206558998e+00 3.380771084146116e-05
15 3.323433114853789e+00 1.690385495429377e-05
16 3.323433207336768e+00 8.451927712343262e-06
17 3.323422784766628e+00 4.225950603188360e-06
18 3.323412546576086e+00 2.112968792327936e-06
19 3.323257497915795e+00 1.056435107522264e-06
20 3.323081957440580e+00 5.281896523540147e-07
21 3.321935071532601e+00 2.640036798741500e-07
22 3.323081957440914e+00 1.320474130885170e-07
23 3.300776249420876e+00 6.558053194325916e-08
24 3.067460268406996e+00 3.047247994350390e-08
25 2.934023332818557e+00 1.457345154294649e-08
5.773502691896258e-01
2.803451320963249e-01
1.394002896947159e-01
6.934008160870118e-02
3.463924995660080e-02
1.731090329800238e-02
8.654805684509641e-03
4.327407036529073e-03
2.163696900401390e-03
1.081847283671447e-03
5.409234830942538e-04
2.704617067141614e-04
1.352308538599181e-04
6.761542648195251e-05
3.380771084146116e-05
1.690385495429377e-05
8.451927712343262e-06
4.225950603188360e-06
2.112968792327936e-06
1.056435107522264e-06
5.281896523540147e-07
2.640036798741500e-07
1.320474130885170e-07
6.558053194325916e-08
3.047247994350390e-08
2.934023332818557e+00
