Info [verificarlo]: loaded backend libinterflop_cancellation.so
Info [cancellation]: load backend with:
Info [cancellation]: tolerance = 1
Info [cancellation]: warning = false
Info [cancellation]: seed = 0
Info [cancellation]: ddebug: only 2 addresses will be instrumented
 i Ai+1                  Ti+1
 1 3.384156006579015e+00 2.820130005482513e-01
 2 3.261668753687046e+00 1.359028647369603e-01
 3 3.260629807945582e+00 6.792978766553297e-02
 4 3.260590649762799e+00 3.396448593502915e-02
 5 3.259006667177563e+00 1.697399305821648e-02
 6 3.258784215381960e+00 8.486417227557188e-03
 7 3.258711463089391e+00 4.243113884230977e-03
 8 3.258708156731422e+00 2.121554789538686e-03
 9 3.258701700207877e+00 1.060775293036418e-03
10 3.258699522586723e+00 5.303872920876828e-04
11 3.258699513030030e+00 2.651936452661157e-04
12 3.258699397613169e+00 1.325968179367338e-04
13 3.258699348549905e+00 6.629840797017221e-05
14 3.258699157344395e+00 3.314920204004309e-05
15 3.258698695522539e+00 1.657459867107411e-05
16 3.258696522537105e+00 8.287293809349326e-06
17 3.258698695588250e+00 4.143649667852083e-06
18 3.258696522582331e+00 2.071823452366086e-06
19 3.258445841528445e+00 1.035832036822143e-06
20 3.258359357913431e+00 5.179022722106664e-07
21 3.258445841529088e+00 2.589580092055868e-07
22 3.258359357913371e+00 1.294755680526642e-07
23 3.193708506929090e+00 6.345328702388386e-08
24 3.170295591483294e+00 3.149405709389144e-08
25 2.838852006159196e+00 1.410073044975200e-08
5.773502691896258e-01
2.820130005482513e-01
1.359028647369603e-01
6.792978766553297e-02
3.396448593502915e-02
1.697399305821648e-02
8.486417227557188e-03
4.243113884230977e-03
2.121554789538686e-03
1.060775293036418e-03
5.303872920876828e-04
2.651936452661157e-04
1.325968179367338e-04
6.629840797017221e-05
3.314920204004309e-05
1.657459867107411e-05
8.287293809349326e-06
4.143649667852083e-06
2.071823452366086e-06
1.035832036822143e-06
5.179022722106664e-07
2.589580092055868e-07
1.294755680526642e-07
6.345328702388386e-08
3.149405709389144e-08
2.838852006159196e+00
