Info [verificarlo]: loaded backend libinterflop_cancellation.so
Info [cancellation]: load backend with:
Info [cancellation]: tolerance = 1
Info [cancellation]: warning = false
Info [cancellation]: seed = 0
Info [cancellation]: ddebug: only 4 addresses will be instrumented
 i Ai+1                  Ti+1
 1 3.134909411591353e+00 2.612424509659461e-01
 2 3.103337157025961e+00 1.293057148760817e-01
 3 3.075886854839350e+00 6.408097614248645e-02
 4 3.070069474931211e+00 3.197989036386678e-02
 5 3.067908899617924e+00 1.597869218551002e-02
 6 3.067649616983253e+00 7.988670877560555e-03
 7 3.067633247099359e+00 3.994314123827290e-03
 8 3.067635051345907e+00 1.997158236553325e-03
 9 3.067632794381367e+00 9.985783835876844e-04
10 3.067630896927850e+00 4.992888829635172e-04
11 3.067630721970784e+00 2.496444272437161e-04
12 3.067630689474131e+00 1.248222122995659e-04
13 3.067630608914333e+00 6.241110451078965e-05
14 3.067630623423204e+00 3.120555240298669e-05
15 3.067630259185608e+00 1.560277434888513e-05
16 3.067630622736560e+00 7.801388099000447e-06
17 3.067624663038095e+00 3.900686471351744e-06
18 3.067630622772234e+00 1.950347024772793e-06
19 3.067445594397237e+00 9.751146934500492e-07
20 3.067272463915154e+00 4.875298283759998e-07
21 3.066012878098413e+00 2.436648113011053e-07
22 3.050072805238797e+00 1.211990040635585e-07
23 3.042960149691705e+00 6.045818626268119e-08
24 2.957646356595177e+00 2.938157674268064e-08
25 3.042960149691710e+00 1.511454656567032e-08
5.773502691896258e-01
2.612424509659461e-01
1.293057148760817e-01
6.408097614248645e-02
3.197989036386678e-02
1.597869218551002e-02
7.988670877560555e-03
3.994314123827290e-03
1.997158236553325e-03
9.985783835876844e-04
4.992888829635172e-04
2.496444272437161e-04
1.248222122995659e-04
6.241110451078965e-05
3.120555240298669e-05
1.560277434888513e-05
7.801388099000447e-06
3.900686471351744e-06
1.950347024772793e-06
9.751146934500492e-07
4.875298283759998e-07
2.436648113011053e-07
1.211990040635585e-07
6.045818626268119e-08
2.938157674268064e-08
3.042960149691710e+00
