Info [verificarlo]: loaded backend libinterflop_cancellation.so
Info [cancellation]: load backend with:
Info [cancellation]: tolerance = 1
Info [cancellation]: warning = false
Info [cancellation]: seed = 0
Info [cancellation]: ddebug: only 7 addresses will be instrumented
 i Ai+1                  Ti+1
 1 3.026261941891673e+00 2.521884951576394e-01
 2 3.034196863478689e+00 1.264248693116120e-01
 3 3.034528795999784e+00 6.321934991666217e-02
 4 3.029758958899130e+00 3.155998915519927e-02
 5 3.028856752517227e+00 1.577529558602722e-02
 6 3.028476957376627e+00 7.886658743168299e-03
 7 3.028439176646790e+00 3.943280177925508e-03
 8 3.028433300909207e+00 1.971636263612765e-03
 9 3.028425205157243e+00 9.858154964704567e-04
10 3.028423844351062e+00 4.929075267498474e-04
11 3.028423720485650e+00 2.464537532947306e-04
12 3.028423751020378e+00 1.232268778898266e-04
13 3.028423715056268e+00 6.161343821322159e-05
14 3.028423734259569e+00 3.080671930195688e-05
15 3.028423002596087e+00 1.540335592954553e-05
16 3.028419481578192e+00 7.701669010361207e-06
17 3.028417334550479e+00 3.850831775093688e-06
18 3.028351461330467e+00 1.925374006481467e-06
19 3.028145247683428e+00 9.626214496877760e-07
20 3.027263039814978e+00 4.811705016795760e-07
21 3.025241944472797e+00 2.404246286132174e-07
22 3.021452554133774e+00 1.200617374632269e-07
23 2.978699760711679e+00 5.918144704325356e-08
24 3.021452554133788e+00 3.001543436580686e-08
25 2.978699760711677e+00 1.479536176081338e-08
5.773502691896258e-01
2.521884951576394e-01
1.264248693116120e-01
6.321934991666217e-02
3.155998915519927e-02
1.577529558602722e-02
7.886658743168299e-03
3.943280177925508e-03
1.971636263612765e-03
9.858154964704567e-04
4.929075267498474e-04
2.464537532947306e-04
1.232268778898266e-04
6.161343821322159e-05
3.080671930195688e-05
1.540335592954553e-05
7.701669010361207e-06
3.850831775093688e-06
1.925374006481467e-06
9.626214496877760e-07
4.811705016795760e-07
2.404246286132174e-07
1.200617374632269e-07
5.918144704325356e-08
3.001543436580686e-08
2.978699760711677e+00
