Info [verificarlo]: loaded backend libinterflop_cancellation.so
Info [cancellation]: load backend with:
Info [cancellation]: tolerance = 1
Info [cancellation]: warning = false
Info [cancellation]: seed = 0
Info [cancellation]: ddebug: only 1 addresses will be instrumented
 i Ai+1                  Ti+1
 1 3.213976254552123e+00 2.678313545460103e-01
 2 3.221278535596948e+00 1.342199389832062e-01
 3 3.191735596788447e+00 6.649449159975931e-02
 4 3.190298371343720e+00 3.323227470149708e-02
 5 3.189360950211144e+00 1.661125494901637e-02
 6 3.189182643195936e+00 8.305163133322751e-03
 7 3.189070772499813e+00 4.152435901692464e-03
 8 3.189044852152202e+00 2.076201075619923e-03
 9 3.189042344556091e+00 1.038099721535186e-03
10 3.189041442183771e+00 5.190497138970981e-04
11 3.189041451966239e+00 2.595248577446484e-04
12 3.189041410903350e+00 1.297624272014710e-04
13 3.189041337766865e+00 6.488121211276987e-05
14 3.189041085220447e+00 3.244060348734992e-05
15 3.189041342196411e+00 1.622030305072230e-05
16 3.189038394165475e+00 8.110144028130787e-06
17 3.189041342245842e+00 4.055075762743431e-06
18 3.189059925501872e+00 2.027549696287709e-06
19 3.189041342245750e+00 1.013768940685828e-06
20 3.188715422968267e+00 5.068326668688881e-07
21 3.186285040306997e+00 2.532231839741863e-07
22 3.177681805587765e+00 1.262697301541871e-07
23 3.186285040307009e+00 6.330579599354683e-08
24 3.177681805587748e+00 3.156743253854660e-08
25 2.832253369161783e+00 1.406795466523262e-08
5.773502691896258e-01
2.678313545460103e-01
1.342199389832062e-01
6.649449159975931e-02
3.323227470149708e-02
1.661125494901637e-02
8.305163133322751e-03
4.152435901692464e-03
2.076201075619923e-03
1.038099721535186e-03
5.190497138970981e-04
2.595248577446484e-04
1.297624272014710e-04
6.488121211276987e-05
3.244060348734992e-05
1.622030305072230e-05
8.110144028130787e-06
4.055075762743431e-06
2.027549696287709e-06
1.013768940685828e-06
5.068326668688881e-07
2.532231839741863e-07
1.262697301541871e-07
6.330579599354683e-08
3.156743253854660e-08
2.832253369161783e+00
