Info [verificarlo]: loaded backend libinterflop_cancellation.so
Info [cancellation]: load backend with:
Info [cancellation]: tolerance = 1
Info [cancellation]: warning = false
Info [cancellation]: seed = 0
Info [cancellation]: ddebug: only 8 addresses will be instrumented
 i Ai+1                  Ti+1
 1 3.508593365654503e+00 2.923827804712086e-01
 2 3.421191963167619e+00 1.425496651319841e-01
 3 3.405361266904251e+00 7.094502639383857e-02
 4 3.397518501897891e+00 3.539081772810303e-02
 5 3.397223549377254e+00 1.769387265300653e-02
 6 3.396972461484680e+00 8.846282451783019e-03
 7 3.396866501564322e+00 4.423003257245211e-03
 8 3.396838355336127e+00 2.211483304255291e-03
 9 3.396829494905997e+00 1.105738767873046e-03
10 3.396829678247422e+00 5.528694137772497e-04
11 3.396829698602124e+00 2.764347085450948e-04
12 3.396829605132592e+00 1.382173504692624e-04
13 3.396829554115105e+00 6.910867419667776e-05
14 3.396829608729544e+00 3.455433765390568e-05
15 3.396829551772498e+00 1.727716853725432e-05
16 3.396827081280179e+00 8.638577985840298e-06
17 3.396814390881680e+00 4.319272856243998e-06
18 3.396827081369660e+00 2.159644496516965e-06
19 3.396652676304420e+00 1.079766806381359e-06
20 3.396180189903391e+00 5.398083034997608e-07
21 3.395358713380946e+00 2.698388666614649e-07
22 3.396180189903394e+00 1.349520758749403e-07
23 3.395358713380862e+00 6.745971666536455e-08
24 3.313346526735032e+00 3.291514045730265e-08
25 2.716286970704688e+00 1.349194333307290e-08
5.773502691896258e-01
2.923827804712086e-01
1.425496651319841e-01
7.094502639383857e-02
3.539081772810303e-02
1.769387265300653e-02
8.846282451783019e-03
4.423003257245211e-03
2.211483304255291e-03
1.105738767873046e-03
5.528694137772497e-04
2.764347085450948e-04
1.382173504692624e-04
6.910867419667776e-05
3.455433765390568e-05
1.727716853725432e-05
8.638577985840298e-06
4.319272856243998e-06
2.159644496516965e-06
1.079766806381359e-06
5.398083034997608e-07
2.698388666614649e-07
1.349520758749403e-07
6.745971666536455e-08
3.291514045730265e-08
2.716286970704688e+00
