Info [verificarlo]: loaded backend libinterflop_cancellation.so
Info [cancellation]: load backend with:
Info [cancellation]: tolerance = 1
Info [cancellation]: warning = false
Info [cancellation]: seed = 0
Info [cancellation]: ddebug: only 7 addresses will be instrumented
 i Ai+1                  Ti+1
 1 3.347529084029734e+00 2.789607570024779e-01
 2 3.305350015549755e+00 1.377229173145731e-01
 3 3.295508239265582e+00 6.865642165136630e-02
 4 3.289317064694878e+00 3.426371942390499e-02
 5 3.287042840078221e+00 1.712001479207407e-02
 6 3.287092118104550e+00 8.560135724230601e-03
 7 3.287047322527820e+00 4.280009534541432e-03
 8 3.287042529311326e+00 2.140001646687061e-03
 9 3.287037639385089e+00 1.069999231570667e-03
10 3.287036443929585e+00 5.349994212124976e-04
11 3.287036365039368e+00 2.674997041861465e-04
12 3.287036328749554e+00 1.337498506164369e-04
13 3.287036258743339e+00 6.687492388393838e-05
14 3.287036270876599e+00 3.343746206539509e-05
15 3.287036253743632e+00 1.671873094555477e-05
16 3.287036271350499e+00 8.359365517553962e-06
17 3.287025808964089e+00 4.179669455164705e-06
18 3.287015381819907e+00 2.089828098182619e-06
19 3.286858691896207e+00 1.044864238706019e-06
20 3.286346881637561e+00 5.223507693032521e-07
21 3.284184274735611e+00 2.610035160967200e-07
22 3.275642168667841e+00 1.301623252498246e-07
23 3.262719018038062e+00 6.482440269069000e-08
24 3.103239949264269e+00 3.082791913811633e-08
25 2.900194682700499e+00 1.440542282015333e-08
5.773502691896258e-01
2.789607570024779e-01
1.377229173145731e-01
6.865642165136630e-02
3.426371942390499e-02
1.712001479207407e-02
8.560135724230601e-03
4.280009534541432e-03
2.140001646687061e-03
1.069999231570667e-03
5.349994212124976e-04
2.674997041861465e-04
1.337498506164369e-04
6.687492388393838e-05
3.343746206539509e-05
1.671873094555477e-05
8.359365517553962e-06
4.179669455164705e-06
2.089828098182619e-06
1.044864238706019e-06
5.223507693032521e-07
2.610035160967200e-07
1.301623252498246e-07
6.482440269069000e-08
3.082791913811633e-08
2.900194682700499e+00
