Info [verificarlo]: loaded backend libinterflop_cancellation.so
Info [cancellation]: load backend with:
Info [cancellation]: tolerance = 1
Info [cancellation]: warning = false
Info [cancellation]: seed = 0
Info [cancellation]: ddebug: only 8 addresses will be instrumented
 i Ai+1                  Ti+1
 1 3.110488434783360e+00 2.592073695652800e-01
 2 3.030914826339083e+00 1.262881177641285e-01
 3 3.027504530067982e+00 6.307301104308297e-02
 4 3.029203021975033e+00 3.155419814557326e-02
 5 3.029195964149899e+00 1.577706231328073e-02
 6 3.029045930893311e+00 7.888140445034664e-03
 7 3.029007369665976e+00 3.944020012585907e-03
 8 3.028984556180641e+00 1.971995153763438e-03
 9 3.028985617303713e+00 9.859979222993857e-04
10 3.028984162849130e+00 4.929987244220589e-04
11 3.028983687889367e+00 2.464993235587050e-04
12 3.028983648580384e+00 1.232496601798659e-04
13 3.028983652456808e+00 6.162483016879898e-05
14 3.028983543266579e+00 3.081241397365905e-05
15 3.028982587110066e+00 1.540620212356601e-05
16 3.028982125457537e+00 7.703099887739910e-06
17 3.028965585610504e+00 3.851528912366873e-06
18 3.028982125388774e+00 1.925774971891260e-06
19 3.028965585593211e+00 9.628822280862206e-07
20 3.027893998655615e+00 4.812707898864134e-07
21 3.024611538272597e+00 2.403745284297146e-07
22 3.022082301921047e+00 1.200867613919992e-07
23 2.978079053068456e+00 5.916911469039234e-08
24 3.022082301921058e+00 3.002169034799991e-08
25 2.978079053068455e+00 1.479227867259808e-08
5.773502691896258e-01
2.592073695652800e-01
1.262881177641285e-01
6.307301104308297e-02
3.155419814557326e-02
1.577706231328073e-02
7.888140445034664e-03
3.944020012585907e-03
1.971995153763438e-03
9.859979222993857e-04
4.929987244220589e-04
2.464993235587050e-04
1.232496601798659e-04
6.162483016879898e-05
3.081241397365905e-05
1.540620212356601e-05
7.703099887739910e-06
3.851528912366873e-06
1.925774971891260e-06
9.628822280862206e-07
4.812707898864134e-07
2.403745284297146e-07
1.200867613919992e-07
5.916911469039234e-08
3.002169034799991e-08
2.978079053068455e+00
