Info [verificarlo]: loaded backend libinterflop_cancellation.so
Info [cancellation]: load backend with:
Info [cancellation]: tolerance = 1
Info [cancellation]: warning = false
Info [cancellation]: seed = 0
Info [cancellation]: ddebug: only 3 addresses will be instrumented
 i Ai+1                  Ti+1
 1 3.376610158726437e+00 2.813841798938697e-01
 2 3.321818654131345e+00 1.384091105888061e-01
 3 3.326699998364464e+00 6.930624996592633e-02
 4 3.327500101350428e+00 3.466145938906696e-02
 5 3.325665084323119e+00 1.732117231418291e-02
 6 3.325263426227387e+00 8.659540172467154e-03
 7 3.325197070757025e+00 4.329683685881543e-03
 8 3.325196452719027e+00 2.164841440572283e-03
 9 3.325190769970995e+00 1.082418870433267e-03
10 3.325190512570334e+00 5.412093933219944e-04
11 3.325190577244691e+00 2.706047019242099e-04
12 3.325190460741546e+00 1.353023462215798e-04
13 3.325190393342599e+00 6.765117173955483e-05
14 3.325190227998740e+00 3.382558418781270e-05
15 3.325190072290296e+00 1.691279130193225e-05
16 3.325187646346244e+00 8.456389481471365e-06
17 3.325179747577373e+00 4.228184696931678e-06
18 3.325125696773421e+00 2.114057983890165e-06
19 3.325179747560933e+00 1.057046174227693e-06
20 3.325125696771831e+00 5.285144959722886e-07
21 3.325179747561094e+00 2.642615435569361e-07
22 3.319839328414250e+00 1.319185625876685e-07
23 3.304000258723165e+00 6.564458725299766e-08
24 3.064467072382383e+00 3.044274521253887e-08
25 2.936889118865033e+00 1.458768605622169e-08
5.773502691896258e-01
2.813841798938697e-01
1.384091105888061e-01
6.930624996592633e-02
3.466145938906696e-02
1.732117231418291e-02
8.659540172467154e-03
4.329683685881543e-03
2.164841440572283e-03
1.082418870433267e-03
5.412093933219944e-04
2.706047019242099e-04
1.353023462215798e-04
6.765117173955483e-05
3.382558418781270e-05
1.691279130193225e-05
8.456389481471365e-06
4.228184696931678e-06
2.114057983890165e-06
1.057046174227693e-06
5.285144959722886e-07
2.642615435569361e-07
1.319185625876685e-07
6.564458725299766e-08
3.044274521253887e-08
2.936889118865033e+00
