Info [verificarlo]: loaded backend libinterflop_cancellation.so
Info [cancellation]: load backend with:
Info [cancellation]: tolerance = 1
Info [cancellation]: warning = false
Info [cancellation]: seed = 0
Info [cancellation]: ddebug: only 3 addresses will be instrumented
 i Ai+1                  Ti+1
 1 2.897504723023073e+00 2.414587269185894e-01
 2 2.869293022157251e+00 1.195538759232188e-01
 3 2.853062822175482e+00 5.943880879532254e-02
 4 2.849319388475333e+00 2.968041029661805e-02
 5 2.848868346460718e+00 1.483785597114957e-02
 6 2.848749638309617e+00 7.418618849764628e-03
 7 2.848719155955464e+00 3.709269734317010e-03
 8 2.848713241306098e+00 1.854631016475324e-03
 9 2.848712157034967e+00 9.273151552848199e-04
10 2.848711295646612e+00 4.636574374424825e-04
11 2.848711073915740e+00 2.318287006767367e-04
12 2.848711051592568e+00 1.159143494300361e-04
13 2.848711008309267e+00 5.795717383441705e-05
14 2.848710957458509e+00 2.897858639992787e-05
15 2.848711008968085e+00 1.448929346195518e-05
16 2.848710957673881e+00 7.244646600529686e-06
17 2.848698957066968e+00 3.622308040704051e-06
18 2.848686853830543e+00 1.811146325321543e-06
19 2.848506125624563e+00 9.055157107113401e-07
20 2.847915479108015e+00 4.526639746201856e-07
21 2.845419986810191e+00 2.261336634008242e-07
22 2.841737788263948e+00 1.129205142761845e-07
23 2.771191639328173e+00 5.505863108889607e-08
24 2.841737788263951e+00 2.823012856904617e-08
25 3.167076159232201e+00 1.573103745397031e-08
5.773502691896258e-01
2.414587269185894e-01
1.195538759232188e-01
5.943880879532254e-02
2.968041029661805e-02
1.483785597114957e-02
7.418618849764628e-03
3.709269734317010e-03
1.854631016475324e-03
9.273151552848199e-04
4.636574374424825e-04
2.318287006767367e-04
1.159143494300361e-04
5.795717383441705e-05
2.897858639992787e-05
1.448929346195518e-05
7.244646600529686e-06
3.622308040704051e-06
1.811146325321543e-06
9.055157107113401e-07
4.526639746201856e-07
2.261336634008242e-07
1.129205142761845e-07
5.505863108889607e-08
2.823012856904617e-08
3.167076159232201e+00
