Info [verificarlo]: loaded backend libinterflop_cancellation.so
Info [cancellation]: load backend with:
Info [cancellation]: tolerance = 1
Info [cancellation]: warning = false
Info [cancellation]: seed = 0
Info [cancellation]: ddebug: only 1 addresses will be instrumented
 i Ai+1                  Ti+1
 1 3.525157488258722e+00 2.937631240215602e-01
 2 3.407334906406494e+00 1.419722877669372e-01
 3 3.389079278678550e+00 7.060581830580313e-02
 4 3.386469246496779e+00 3.527572131767479e-02
 5 3.384375329374941e+00 1.762695484049448e-02
 6 3.384096295880058e+00 8.812750770520985e-03
 7 3.384016498428081e+00 4.406271482328230e-03
 8 3.384019255493860e+00 2.203137536128815e-03
 9 3.384016392721113e+00 1.101567836172237e-03
10 3.384016357587482e+00 5.507839123677543e-04
11 3.384015931968376e+00 2.753919215469056e-04
12 3.384015905034157e+00 1.376959596774966e-04
13 3.384015854835622e+00 6.884797881745650e-05
14 3.384015657431700e+00 3.442398740063171e-05
15 3.384015222960912e+00 1.721199149048316e-05
16 3.384011852434683e+00 8.605987173550117e-06
17 3.384010150016662e+00 4.302991422038602e-06
18 3.383950979817960e+00 2.151458091620102e-06
19 3.383928985078616e+00 1.075722053870715e-06
20 3.382976994117742e+00 5.377097120472180e-07
21 3.382629972032829e+00 2.688272771861418e-07
22 3.367387238384457e+00 1.338079467767261e-07
23 3.340869108180530e+00 6.637710547805885e-08
24 3.367387238384462e+00 3.345198669418158e-08
25 2.672695286544425e+00 1.327542109561178e-08
5.773502691896258e-01
2.937631240215602e-01
1.419722877669372e-01
7.060581830580313e-02
3.527572131767479e-02
1.762695484049448e-02
8.812750770520985e-03
4.406271482328230e-03
2.203137536128815e-03
1.101567836172237e-03
5.507839123677543e-04
2.753919215469056e-04
1.376959596774966e-04
6.884797881745650e-05
3.442398740063171e-05
1.721199149048316e-05
8.605987173550117e-06
4.302991422038602e-06
2.151458091620102e-06
1.075722053870715e-06
5.377097120472180e-07
2.688272771861418e-07
1.338079467767261e-07
6.637710547805885e-08
3.345198669418158e-08
2.672695286544425e+00
