Info [verificarlo]: loaded backend libinterflop_cancellation.so
Info [cancellation]: load backend with:
Info [cancellation]: tolerance = 1
Info [cancellation]: warning = false
Info [cancellation]: seed = 0
Info [cancellation]: ddebug: only 4 addresses will be instrumented
 i Ai+1                  Ti+1
 1 3.254751401753106e+00 2.712292834794255e-01
 2 3.157851133452726e+00 1.315771305605302e-01
 3 3.144572087563936e+00 6.551191849091532e-02
 4 3.145354181978924e+00 3.276410606228045e-02
 5 3.144725343455343e+00 1.637877783049658e-02
 6 3.144609138118231e+00 8.189086297182893e-03
 7 3.144610952453075e+00 4.094545511006607e-03
 8 3.144591532979958e+00 2.047260112617160e-03
 9 3.144591074521780e+00 1.023629907070892e-03
10 3.144591329799528e+00 5.118149950845586e-04
11 3.144591414870856e+00 2.559075044654017e-04
12 3.144591380046835e+00 1.279537508157078e-04
13 3.144591350102987e+00 6.397687479864475e-05
14 3.144591400320415e+00 3.198843791016047e-05
15 3.144591348484744e+00 1.599421869143038e-05
16 3.144590036054655e+00 7.997106008032876e-06
17 3.144591348624669e+00 3.998554673035518e-06
18 3.144611871871430e+00 1.999290384846643e-06
19 3.144678691121110e+00 9.996664336907421e-07
20 3.144262509366672e+00 4.997670665370101e-07
21 3.141883421174656e+00 2.496944603264058e-07
22 3.133072963069934e+00 1.244971340127760e-07
23 3.141883421174659e+00 6.242361508160152e-08
24 3.222589333443365e+00 3.201354874614244e-08
25 2.792785263266362e+00 1.387191446257811e-08
5.773502691896258e-01
2.712292834794255e-01
1.315771305605302e-01
6.551191849091532e-02
3.276410606228045e-02
1.637877783049658e-02
8.189086297182893e-03
4.094545511006607e-03
2.047260112617160e-03
1.023629907070892e-03
5.118149950845586e-04
2.559075044654017e-04
1.279537508157078e-04
6.397687479864475e-05
3.198843791016047e-05
1.599421869143038e-05
7.997106008032876e-06
3.998554673035518e-06
1.999290384846643e-06
9.996664336907421e-07
4.997670665370101e-07
2.496944603264058e-07
1.244971340127760e-07
6.242361508160152e-08
3.201354874614244e-08
2.792785263266362e+00
