Info [verificarlo]: loaded backend libinterflop_cancellation.so
Info [cancellation]: load backend with:
Info [cancellation]: tolerance = 1
Info [cancellation]: warning = false
Info [cancellation]: seed = 0
Info [cancellation]: ddebug: only 1 addresses will be instrumented
 i Ai+1                  Ti+1
 1 3.326227131885614e+00 2.771855943238012e-01
 2 3.286658055305706e+00 1.369440856377377e-01
 3 3.279373964332182e+00 6.832029092358712e-02
 4 3.271760190202452e+00 3.408083531460887e-02
 5 3.270140582026476e+00 1.703198219805456e-02
 6 3.269662020498176e+00 8.514744845047334e-03
 7 3.269681733942771e+00 4.257398091071316e-03
 8 3.269668014722535e+00 2.128690113751651e-03
 9 3.269660031319551e+00 1.064342458111833e-03
10 3.269657932615226e+00 5.321708874699261e-04
11 3.269657428773250e+00 2.660854027321981e-04
12 3.269657367222185e+00 1.330426988615798e-04
13 3.269657292392658e+00 6.652134790837927e-05
14 3.269657218866920e+00 3.326067320624715e-05
15 3.269657293503548e+00 1.663033698274510e-05
16 3.269657217651335e+00 8.315168298470396e-06
17 3.269657293661576e+00 4.157584245887217e-06
18 3.269615216535812e+00 2.078765371027509e-06
19 3.269405284007556e+00 1.039315949760296e-06
20 3.268943147636527e+00 5.195845202821934e-07
21 3.269405284006525e+00 2.598289874399921e-07
22 3.268943147636593e+00 1.298961300705509e-07
23 3.269405284006528e+00 6.495724685999805e-08
24 3.096893508287296e+00 3.076487291144625e-08
25 2.906138030228024e+00 1.443494374666623e-08
5.773502691896258e-01
2.771855943238012e-01
1.369440856377377e-01
6.832029092358712e-02
3.408083531460887e-02
1.703198219805456e-02
8.514744845047334e-03
4.257398091071316e-03
2.128690113751651e-03
1.064342458111833e-03
5.321708874699261e-04
2.660854027321981e-04
1.330426988615798e-04
6.652134790837927e-05
3.326067320624715e-05
1.663033698274510e-05
8.315168298470396e-06
4.157584245887217e-06
2.078765371027509e-06
1.039315949760296e-06
5.195845202821934e-07
2.598289874399921e-07
1.298961300705509e-07
6.495724685999805e-08
3.076487291144625e-08
2.906138030228024e+00
