Info [verificarlo]: loaded backend libinterflop_cancellation.so
Info [cancellation]: load backend with:
Info [cancellation]: tolerance = 1
Info [cancellation]: warning = false
Info [cancellation]: seed = 0
Info [cancellation]: ddebug: only 4 addresses will be instrumented
 i Ai+1                  Ti+1
 1 3.327927082634023e+00 2.773272568861685e-01
 2 3.309324155416916e+00 1.378885064757048e-01
 3 3.307656025506702e+00 6.890950053138963e-02
 4 3.300371593956557e+00 3.437887077038080e-02
 5 3.300106395349235e+00 1.718805414244393e-02
 6 3.300178893530653e+00 8.594215868569408e-03
 7 3.300179851412720e+00 4.297109181526979e-03
 8 3.300176273143790e+00 2.148552261161321e-03
 9 3.300175745452658e+00 1.074275958806204e-03
10 3.300175004469044e+00 5.371378588003001e-04
11 3.300174991707343e+00 2.685689283616002e-04
12 3.300174938511228e+00 1.342844620162446e-04
13 3.300174891666365e+00 6.714223005506113e-05
14 3.300174701216219e+00 3.357111309017151e-05
15 3.300173917350495e+00 1.678555255813851e-05
16 3.300172101163229e+00 8.392771660266186e-06
17 3.300158312766722e+00 4.196368297280276e-06
18 3.300151294671690e+00 2.098179686655484e-06
19 3.300075086829368e+00 1.049065617507098e-06
20 3.299818383213343e+00 5.244920068126269e-07
21 3.297411587968663e+00 2.620547285055052e-07
22 3.283825725459649e+00 1.304875105802079e-07
23 3.254588060852126e+00 6.466285508577278e-08
24 3.110992792540705e+00 3.090493671636486e-08
25 2.892967165201892e+00 1.436952335239397e-08
5.773502691896258e-01
2.773272568861685e-01
1.378885064757048e-01
6.890950053138963e-02
3.437887077038080e-02
1.718805414244393e-02
8.594215868569408e-03
4.297109181526979e-03
2.148552261161321e-03
1.074275958806204e-03
5.371378588003001e-04
2.685689283616002e-04
1.342844620162446e-04
6.714223005506113e-05
3.357111309017151e-05
1.678555255813851e-05
8.392771660266186e-06
4.196368297280276e-06
2.098179686655484e-06
1.049065617507098e-06
5.244920068126269e-07
2.620547285055052e-07
1.304875105802079e-07
6.466285508577278e-08
3.090493671636486e-08
2.892967165201892e+00
