Info [verificarlo]: loaded backend libinterflop_cancellation.so
Info [cancellation]: load backend with:
Info [cancellation]: tolerance = 1
Info [cancellation]: warning = false
Info [cancellation]: seed = 0
Info [cancellation]: ddebug: only 7 addresses will be instrumented
 i Ai+1                  Ti+1
 1 3.474864778713342e+00 2.895720648927785e-01
 2 3.413954740048612e+00 1.422481141686922e-01
 3 3.398105198348223e+00 7.079385829892132e-02
 4 3.396438265928765e+00 3.537956527009130e-02
 5 3.396594403292106e+00 1.769059585047972e-02
 6 3.396148092540079e+00 8.844135657656455e-03
 7 3.396120715509078e+00 4.422032181652446e-03
 8 3.396111576519584e+00 2.211010140963271e-03
 9 3.396110300539753e+00 1.105504655123617e-03
10 3.396108503111226e+00 5.527520350115928e-04
11 3.396108459615223e+00 2.763760139660826e-04
12 3.396108461397855e+00 1.381880070555768e-04
13 3.396108456749134e+00 6.909400343320992e-05
14 3.396108386818708e+00 3.454700100523588e-05
15 3.396107823606276e+00 1.727349763797137e-05
16 3.396108386669079e+00 8.636750250928444e-06
17 3.396097714450296e+00 4.318361555036286e-06
18 3.396088168044476e+00 2.159174708076779e-06
19 3.396097714462833e+00 1.079590388763057e-06
20 3.395441170875104e+00 5.396908395886587e-07
21 3.396097714462386e+00 2.698975971907287e-07
22 3.395441170874942e+00 1.349227098971582e-07
23 3.396097714462405e+00 6.747439929768255e-08
24 3.312625532560938e+00 3.290797802369731e-08
25 2.716878171569923e+00 1.349487985953650e-08
5.773502691896258e-01
2.895720648927785e-01
1.422481141686922e-01
7.079385829892132e-02
3.537956527009130e-02
1.769059585047972e-02
8.844135657656455e-03
4.422032181652446e-03
2.211010140963271e-03
1.105504655123617e-03
5.527520350115928e-04
2.763760139660826e-04
1.381880070555768e-04
6.909400343320992e-05
3.454700100523588e-05
1.727349763797137e-05
8.636750250928444e-06
4.318361555036286e-06
2.159174708076779e-06
1.079590388763057e-06
5.396908395886587e-07
2.698975971907287e-07
1.349227098971582e-07
6.747439929768255e-08
3.290797802369731e-08
2.716878171569923e+00
