Info [verificarlo]: loaded backend libinterflop_cancellation.so
Info [cancellation]: load backend with:
Info [cancellation]: tolerance = 1
Info [cancellation]: warning = false
Info [cancellation]: seed = 0
Info [cancellation]: ddebug: only 2 addresses will be instrumented
 i Ai+1                  Ti+1
 1 3.086333983818726e+00 2.571944986515605e-01
 2 3.110733063691746e+00 1.296138776538227e-01
 3 3.087386393921012e+00 6.432054987335442e-02
 4 3.079349485750882e+00 3.207655714323836e-02
 5 3.078583032878843e+00 1.603428662957731e-02
 6 3.078343054169633e+00 8.016518370233419e-03
 7 3.078280870536528e+00 4.008178216844437e-03
 8 3.078287956664060e+00 2.004093721786498e-03
 9 3.078286970836844e+00 1.002046539985952e-03
10 3.078285721293470e+00 5.010230666167758e-04
11 3.078285780308642e+00 2.505115381110548e-04
12 3.078285796652025e+00 1.252557697205414e-04
13 3.078285809213869e+00 6.262788511584205e-05
14 3.078285704738498e+00 3.131394149514260e-05
15 3.078285108170426e+00 1.565696771326917e-05
16 3.078281523192014e+00 7.828474739563023e-06
17 3.078268378264912e+00 3.914220655142355e-06
18 3.078259216985156e+00 1.957104502986371e-06
19 3.078268378280621e+00 9.785551637905824e-07
20 3.077902317371082e+00 4.892193980806799e-07
21 3.078268378280934e+00 2.446387909476705e-07
22 3.083612711280570e+00 1.225317601871717e-07
23 3.101070366268145e+00 6.161273253496776e-08
24 2.902223728264086e+00 2.883100239698177e-08
25 3.101070366268143e+00 1.540318313374193e-08
5.773502691896258e-01
2.571944986515605e-01
1.296138776538227e-01
6.432054987335442e-02
3.207655714323836e-02
1.603428662957731e-02
8.016518370233419e-03
4.008178216844437e-03
2.004093721786498e-03
1.002046539985952e-03
5.010230666167758e-04
2.505115381110548e-04
1.252557697205414e-04
6.262788511584205e-05
3.131394149514260e-05
1.565696771326917e-05
7.828474739563023e-06
3.914220655142355e-06
1.957104502986371e-06
9.785551637905824e-07
4.892193980806799e-07
2.446387909476705e-07
1.225317601871717e-07
6.161273253496776e-08
2.883100239698177e-08
3.101070366268143e+00
