Info [verificarlo]: loaded backend libinterflop_cancellation.so
Info [cancellation]: load backend with:
Info [cancellation]: tolerance = 1
Info [cancellation]: warning = false
Info [cancellation]: seed = 0
Info [cancellation]: ddebug: only 4 addresses will be instrumented
 i Ai+1                  Ti+1
 1 2.911684156544278e+00 2.426403463786898e-01
 2 2.869362432778836e+00 1.195567680324515e-01
 3 2.855203788682042e+00 5.948341226420921e-02
 4 2.853996320034765e+00 2.972912833369547e-02
 5 2.853082261685346e+00 1.485980344627785e-02
 6 2.852949369646057e+00 7.429555650119941e-03
 7 2.852888227014560e+00 3.714698212258542e-03
 8 2.852877881947902e+00 1.857342371059832e-03
 9 2.852875947415793e+00 9.286705557994116e-04
10 2.852875131798342e+00 4.643351451494698e-04
11 2.852874989414846e+00 2.321675609875363e-04
12 2.852874940845950e+00 1.160837785174947e-04
13 2.852874902254665e+00 5.804188847360566e-05
14 2.852874841147108e+00 2.902094361518461e-05
15 2.852874902548822e+00 1.451047211989757e-05
16 2.852874841307020e+00 7.255235904202831e-06
17 2.852868885364332e+00 3.627610378728654e-06
18 2.852802635528848e+00 1.813763068853282e-06
19 2.852868885369952e+00 9.069025946839499e-07
20 2.852802635527933e+00 4.534407672131749e-07
21 2.852868885370307e+00 2.267256486710156e-07
22 2.858964196295815e+00 1.136050302305148e-07
23 2.852868885370290e+00 5.668141216775357e-08
24 2.760379224009751e+00 2.742190384874493e-08
25 1.630210791640165e+00 8.097344595393364e-09
5.773502691896258e-01
2.426403463786898e-01
1.195567680324515e-01
5.948341226420921e-02
2.972912833369547e-02
1.485980344627785e-02
7.429555650119941e-03
3.714698212258542e-03
1.857342371059832e-03
9.286705557994116e-04
4.643351451494698e-04
2.321675609875363e-04
1.160837785174947e-04
5.804188847360566e-05
2.902094361518461e-05
1.451047211989757e-05
7.255235904202831e-06
3.627610378728654e-06
1.813763068853282e-06
9.069025946839499e-07
4.534407672131749e-07
2.267256486710156e-07
1.136050302305148e-07
5.668141216775357e-08
2.742190384874493e-08
1.630210791640165e+00
