Info [verificarlo]: loaded backend libinterflop_cancellation.so
Info [cancellation]: load backend with:
Info [cancellation]: tolerance = 1
Info [cancellation]: warning = false
Info [cancellation]: seed = 0
Info [cancellation]: ddebug: only 2 addresses will be instrumented
 i Ai+1                  Ti+1
 1 3.236660311179555e+00 2.697216925982963e-01
 2 3.242856732427025e+00 1.351190305177927e-01
 3 3.212563559839562e+00 6.692840749665753e-02
 4 3.207310695606085e+00 3.340948641256339e-02
 5 3.206479714273260e+00 1.670041517850656e-02
 6 3.206246747420581e+00 8.349600904741095e-03
 7 3.206136006847059e+00 4.174656258915442e-03
 8 3.206112617890575e+00 2.087312902272510e-03
 9 3.206104352968553e+00 1.043653760731951e-03
10 3.206104481081486e+00 5.218269012176899e-04
11 3.206104332090061e+00 2.609134384838917e-04
12 3.206104204308701e+00 1.304567140425090e-04
13 3.206104193566159e+00 6.522835680269691e-05
14 3.206104050722569e+00 3.261417694826832e-05
15 3.206103187320291e+00 1.630708408264308e-05
16 3.206104051190296e+00 8.153544238256571e-06
17 3.206097833305496e+00 4.076764212678904e-06
18 3.206104051221970e+00 2.038386059584281e-06
19 3.206012166018201e+00 1.019163820272510e-06
20 3.206104051225912e+00 5.095965148966967e-07
21 3.207382842446611e+00 2.548998866436172e-07
22 3.200623531479977e+00 1.271813524357468e-07
23 3.163446091180284e+00 6.285202684363293e-08
24 3.200623531479987e+00 3.179533810893682e-08
25 2.811952081049141e+00 1.396711707636287e-08
5.773502691896258e-01
2.697216925982963e-01
1.351190305177927e-01
6.692840749665753e-02
3.340948641256339e-02
1.670041517850656e-02
8.349600904741095e-03
4.174656258915442e-03
2.087312902272510e-03
1.043653760731951e-03
5.218269012176899e-04
2.609134384838917e-04
1.304567140425090e-04
6.522835680269691e-05
3.261417694826832e-05
1.630708408264308e-05
8.153544238256571e-06
4.076764212678904e-06
2.038386059584281e-06
1.019163820272510e-06
5.095965148966967e-07
2.548998866436172e-07
1.271813524357468e-07
6.285202684363293e-08
3.179533810893682e-08
2.811952081049141e+00
