Info [verificarlo]: loaded backend libinterflop_cancellation.so
Info [cancellation]: load backend with:
Info [cancellation]: tolerance = 1
Info [cancellation]: warning = false
Info [cancellation]: seed = 0
Info [cancellation]: ddebug: only 1 addresses will be instrumented
 i Ai+1                  Ti+1
 1 2.902621499532624e+00 2.418851249610521e-01
 2 2.885296193804525e+00 1.202206747418552e-01
 3 2.872538448258394e+00 5.984455100538320e-02
 4 2.870100914143018e+00 2.989688452232310e-02
 5 2.869434653957468e+00 1.494497215602848e-02
 6 2.869208238325776e+00 7.471896453973374e-03
 7 2.869182945468201e+00 3.735915293578387e-03
 8 2.869173510306177e+00 1.867951504105584e-03
 9 2.869172277735375e+00 9.339753508253176e-04
10 2.869171411263395e+00 4.669875343853183e-04
11 2.869171179984872e+00 2.334937483711647e-04
12 2.869171138935178e+00 1.167468725152660e-04
13 2.869171078255661e+00 5.837343502310508e-05
14 2.869171041322224e+00 2.918671713584619e-05
15 2.869170703534959e+00 1.459335684984822e-05
16 2.869171041105003e+00 7.296679283409127e-06
17 2.869164720644803e+00 3.648331604823816e-06
18 2.869147109204039e+00 1.824154605359420e-06
19 2.869164720641873e+00 9.120829012050225e-07
20 2.868764198874254e+00 4.559777893820212e-07
21 2.867632865478598e+00 2.278989843907832e-07
22 2.868764198874167e+00 1.139944473455018e-07
23 2.843123182867693e+00 5.648778245583560e-08
24 2.769841295464710e+00 2.751590108339697e-08
25 1.624641818781539e+00 8.069683207976515e-09
5.773502691896258e-01
2.418851249610521e-01
1.202206747418552e-01
5.984455100538320e-02
2.989688452232310e-02
1.494497215602848e-02
7.471896453973374e-03
3.735915293578387e-03
1.867951504105584e-03
9.339753508253176e-04
4.669875343853183e-04
2.334937483711647e-04
1.167468725152660e-04
5.837343502310508e-05
2.918671713584619e-05
1.459335684984822e-05
7.296679283409127e-06
3.648331604823816e-06
1.824154605359420e-06
9.120829012050225e-07
4.559777893820212e-07
2.278989843907832e-07
1.139944473455018e-07
5.648778245583560e-08
2.751590108339697e-08
1.624641818781539e+00
