Info [verificarlo]: loaded backend libinterflop_cancellation.so
Info [cancellation]: load backend with:
Info [cancellation]: tolerance = 1
Info [cancellation]: warning = false
Info [cancellation]: seed = 0
Info [cancellation]: ddebug: only 4 addresses will be instrumented
 i Ai+1                  Ti+1
 1 3.255293707506704e+00 2.712744756255587e-01
 2 3.192366459305616e+00 1.330152691377340e-01
 3 3.161812715238631e+00 6.587109823413816e-02
 4 3.161674682874345e+00 3.293411127994109e-02
 5 3.159469483478404e+00 1.645557022645002e-02
 6 3.159440272312081e+00 8.227709042479379e-03
 7 3.159394191927541e+00 4.113794520738986e-03
 8 3.159378007395214e+00 2.056886723564592e-03
 9 3.159378689216278e+00 1.028443583729257e-03
10 3.159378278542071e+00 5.142217250231236e-04
11 3.159378382259033e+00 2.571108709520697e-04
12 3.159378357510356e+00 1.285554344690086e-04
13 3.159378356575093e+00 6.427771721547633e-05
14 3.159378267099535e+00 3.213885769754572e-05
15 3.159378360345650e+00 1.606942932304713e-05
16 3.159375551402740e+00 8.034707518012340e-06
17 3.159367493813845e+00 4.017343513252062e-06
18 3.159375551456521e+00 2.008676879537278e-06
19 3.159193625136842e+00 1.004280606949120e-06
20 3.159027794100193e+00 5.021139453411409e-07
21 3.155020317837355e+00 2.507384870717808e-07
22 3.142313361327505e+00 1.248643144499264e-07
23 3.132644287214356e+00 6.224004998235615e-08
24 2.872972216070872e+00 2.854041473141186e-08
25 3.132644287214359e+00 1.556001249558905e-08
5.773502691896258e-01
2.712744756255587e-01
1.330152691377340e-01
6.587109823413816e-02
3.293411127994109e-02
1.645557022645002e-02
8.227709042479379e-03
4.113794520738986e-03
2.056886723564592e-03
1.028443583729257e-03
5.142217250231236e-04
2.571108709520697e-04
1.285554344690086e-04
6.427771721547633e-05
3.213885769754572e-05
1.606942932304713e-05
8.034707518012340e-06
4.017343513252062e-06
2.008676879537278e-06
1.004280606949120e-06
5.021139453411409e-07
2.507384870717808e-07
1.248643144499264e-07
6.224004998235615e-08
2.854041473141186e-08
3.132644287214359e+00
