Info [verificarlo]: loaded backend libinterflop_cancellation.so
Info [cancellation]: load backend with:
Info [cancellation]: tolerance = 1
Info [cancellation]: warning = false
Info [cancellation]: seed = 0
Info [cancellation]: ddebug: only 7 addresses will be instrumented
 i Ai+1                  Ti+1
 1 3.394503075759229e+00 2.828752563132691e-01
 2 3.315761470436714e+00 1.381567279348631e-01
 3 3.291212631530096e+00 6.856692982354368e-02
 4 3.282505969322672e+00 3.419277051377784e-02
 5 3.281926070606116e+00 1.709336495107352e-02
 6 3.281478449431693e+00 8.545516795395032e-03
 7 3.281449346627161e+00 4.272720503420783e-03
 8 3.281433588398630e+00 2.136349992447025e-03
 9 3.281431438842952e+00 1.068174296498357e-03
10 3.281430280656960e+00 5.340869597423438e-04
11 3.281430009187165e+00 2.670434577789034e-04
12 3.281429902495111e+00 1.335217245481409e-04
13 3.281429929066118e+00 6.676086281465898e-05
14 3.281429727900756e+00 3.338042936096960e-05
15 3.281429934306798e+00 1.669021573032022e-05
16 3.281431035143285e+00 8.345110664732068e-06
17 3.281424703017395e+00 4.172547280651594e-06
18 3.281410109894789e+00 2.086264362268314e-06
19 3.281424703010650e+00 1.043136820160755e-06
20 3.281075306289419e+00 5.215128749671648e-07
21 3.278745988968393e+00 2.605713199749306e-07
22 3.281075306289486e+00 1.303782187417939e-07
23 3.257316276622210e+00 6.471705986305496e-08
24 3.108387132274262e+00 3.087905180726709e-08
25 2.895392245886414e+00 1.438156885845668e-08
5.773502691896258e-01
2.828752563132691e-01
1.381567279348631e-01
6.856692982354368e-02
3.419277051377784e-02
1.709336495107352e-02
8.545516795395032e-03
4.272720503420783e-03
2.136349992447025e-03
1.068174296498357e-03
5.340869597423438e-04
2.670434577789034e-04
1.335217245481409e-04
6.676086281465898e-05
3.338042936096960e-05
1.669021573032022e-05
8.345110664732068e-06
4.172547280651594e-06
2.086264362268314e-06
1.043136820160755e-06
5.215128749671648e-07
2.605713199749306e-07
1.303782187417939e-07
6.471705986305496e-08
3.087905180726709e-08
2.895392245886414e+00
