Info [verificarlo]: loaded backend libinterflop_cancellation.so
Info [cancellation]: load backend with:
Info [cancellation]: tolerance = 1
Info [cancellation]: warning = false
Info [cancellation]: seed = 0
Info [cancellation]: ddebug: only 4 addresses will be instrumented
 i Ai+1                  Ti+1
 1 3.005270530190317e+00 2.504392108491931e-01
 2 2.966352915300781e+00 1.235980381375325e-01
 3 2.954509743385143e+00 6.155228632052383e-02
 4 2.952547130326823e+00 3.075569927423774e-02
 5 2.951488762013180e+00 1.537233730215198e-02
 6 2.951296355425600e+00 7.685667592254166e-03
 7 2.951271206447647e+00 3.842801050062040e-03
 8 2.951259594317944e+00 1.921392965050745e-03
 9 2.951257488426179e+00 9.606957970137300e-04
10 2.951256955728218e+00 4.803478118047230e-04
11 2.951256857044298e+00 2.401738978714435e-04
12 2.951256816677065e+00 1.200869472931748e-04
13 2.951256771721928e+00 6.004347273197282e-05
14 2.951256549426237e+00 3.002173410467770e-05
15 2.951256044512164e+00 1.501086448421307e-05
16 2.951255095339965e+00 7.505429828236810e-06
17 2.951250227967025e+00 3.752708724933656e-06
18 2.951185296574678e+00 1.876313080199355e-06
19 2.950971026725185e+00 9.380884255489302e-07
20 2.950068410502760e+00 4.689007457896486e-07
21 2.949481389659424e+00 2.344037206697006e-07
22 2.932189208014837e+00 1.165147307719722e-07
23 2.877542819179933e+00 5.717163918773199e-08
24 2.736709927480518e+00 2.718677051346022e-08
25 1.644310182388533e+00 8.167377026818855e-09
5.773502691896258e-01
2.504392108491931e-01
1.235980381375325e-01
6.155228632052383e-02
3.075569927423774e-02
1.537233730215198e-02
7.685667592254166e-03
3.842801050062040e-03
1.921392965050745e-03
9.606957970137300e-04
4.803478118047230e-04
2.401738978714435e-04
1.200869472931748e-04
6.004347273197282e-05
3.002173410467770e-05
1.501086448421307e-05
7.505429828236810e-06
3.752708724933656e-06
1.876313080199355e-06
9.380884255489302e-07
4.689007457896486e-07
2.344037206697006e-07
1.165147307719722e-07
5.717163918773199e-08
2.718677051346022e-08
1.644310182388533e+00
