Info [verificarlo]: loaded backend libinterflop_cancellation.so
Info [cancellation]: load backend with:
Info [cancellation]: tolerance = 1
Info [cancellation]: warning = false
Info [cancellation]: seed = 0
Info [cancellation]: ddebug: only 7 addresses will be instrumented
 i Ai+1                  Ti+1
 1 2.969881821555712e+00 2.474901517963093e-01
 2 2.915846317558872e+00 1.214935965649530e-01
 3 2.904786109367858e+00 6.051637727849705e-02
 4 2.902631831493977e+00 3.023574824472893e-02
 5 2.902302585205820e+00 1.511615929794698e-02
 6 2.902079363026160e+00 7.557498341213959e-03
 7 2.902014269438883e+00 3.778664413331879e-03
 8 2.902008483488196e+00 1.889328439770961e-03
 9 2.902006680562808e+00 9.446636329957059e-04
10 2.902006025054872e+00 4.723317098071080e-04
11 2.902005848858914e+00 2.361658405646903e-04
12 2.902005811999056e+00 1.180829187825137e-04
13 2.902005793302192e+00 5.904145901086816e-05
14 2.902005721845567e+00 2.952072877853971e-05
15 2.902004683829981e+00 1.476035910964956e-05
16 2.902001285457503e+00 7.380170912316648e-06
17 2.901986937904053e+00 3.690067212300687e-06
18 2.902001285471160e+00 1.845042728087845e-06
19 2.901797649082512e+00 9.224566297793428e-07
20 2.901622681258555e+00 4.612005045030204e-07
21 2.901797649082265e+00 2.306141574448161e-07
22 2.907680348651644e+00 1.155408362011768e-07
23 2.901797649082252e+00 5.765353936120374e-08
24 2.713834992074866e+00 2.695952844694124e-08
25 1.658170085189859e+00 8.236219908743396e-09
5.773502691896258e-01
2.474901517963093e-01
1.214935965649530e-01
6.051637727849705e-02
3.023574824472893e-02
1.511615929794698e-02
7.557498341213959e-03
3.778664413331879e-03
1.889328439770961e-03
9.446636329957059e-04
4.723317098071080e-04
2.361658405646903e-04
1.180829187825137e-04
5.904145901086816e-05
2.952072877853971e-05
1.476035910964956e-05
7.380170912316648e-06
3.690067212300687e-06
1.845042728087845e-06
9.224566297793428e-07
4.612005045030204e-07
2.306141574448161e-07
1.155408362011768e-07
5.765353936120374e-08
2.695952844694124e-08
1.658170085189859e+00
