Info [verificarlo]: loaded backend libinterflop_cancellation.so
Info [cancellation]: load backend with:
Info [cancellation]: tolerance = 1
Info [cancellation]: warning = false
Info [cancellation]: seed = 0
Info [cancellation]: ddebug: only 7 addresses will be instrumented
 i Ai+1                  Ti+1
 1 3.483536938069463e+00 2.902947448391219e-01
 2 3.345550061959393e+00 1.393979192483080e-01
 3 3.317254045351862e+00 6.910945927816378e-02
 4 3.313865366627473e+00 3.451943090236951e-02
 5 3.313416487389696e+00 1.725737753848800e-02
 6 3.312952112550803e+00 8.627479459767716e-03
 7 3.312900066186565e+00 4.313671961180422e-03
 8 3.312892146912749e+00 2.156830824812988e-03
 9 3.312890502244469e+00 1.078414877032705e-03
10 3.312888514721346e+00 5.392071150262607e-04
11 3.312888304197911e+00 2.696035403806894e-04
12 3.312888213557019e+00 1.348017665021574e-04
13 3.312888201677937e+00 6.740088300939813e-05
14 3.312888151907682e+00 3.370044099840985e-05
15 3.312887553069384e+00 1.685021745335583e-05
16 3.312886857391044e+00 8.425106957476409e-06
17 3.312882371299550e+00 4.212547774377887e-06
18 3.312845404267639e+00 2.106250384183018e-06
19 3.312633650189028e+00 1.053057877282787e-06
20 3.312513754915179e+00 5.265098818008390e-07
21 3.311307004755840e+00 2.631590370143127e-07
22 3.312513754915041e+00 1.316274704502042e-07
23 3.311307004755777e+00 6.578975925357694e-08
24 3.057705004536952e+00 3.037557010389320e-08
25 2.943384004227357e+00 1.461994650079487e-08
5.773502691896258e-01
2.902947448391219e-01
1.393979192483080e-01
6.910945927816378e-02
3.451943090236951e-02
1.725737753848800e-02
8.627479459767716e-03
4.313671961180422e-03
2.156830824812988e-03
1.078414877032705e-03
5.392071150262607e-04
2.696035403806894e-04
1.348017665021574e-04
6.740088300939813e-05
3.370044099840985e-05
1.685021745335583e-05
8.425106957476409e-06
4.212547774377887e-06
2.106250384183018e-06
1.053057877282787e-06
5.265098818008390e-07
2.631590370143127e-07
1.316274704502042e-07
6.578975925357694e-08
3.037557010389320e-08
2.943384004227357e+00
