Info [verificarlo]: loaded backend libinterflop_cancellation.so
Info [cancellation]: load backend with:
Info [cancellation]: tolerance = 1
Info [cancellation]: warning = false
Info [cancellation]: seed = 0
Info [cancellation]: ddebug: only 7 addresses will be instrumented
 i Ai+1                  Ti+1
 1 3.237018842227983e+00 2.697515701856653e-01
 2 3.138823273845140e+00 1.307843030768808e-01
 3 3.108539882302568e+00 6.476124754797018e-02
 4 3.110564422726466e+00 3.240171273673402e-02
 5 3.109585285480691e+00 1.619575669521193e-02
 6 3.109172132823442e+00 8.096802429227714e-03
 7 3.109097106952118e+00 4.048303524677237e-03
 8 3.109095344439990e+00 2.024150614869785e-03
 9 3.109097067968827e+00 1.012075868479436e-03
10 3.109096622573411e+00 5.060378617469744e-04
11 3.109096599206544e+00 2.530189289718868e-04
12 3.109096559901397e+00 1.265094628866128e-04
13 3.109096578638606e+00 6.325473182451591e-05
14 3.109096642948168e+00 3.162736656644865e-05
15 3.109095888606524e+00 1.581367944644432e-05
16 3.109095261723894e+00 7.906838128977188e-06
17 3.109090367453114e+00 3.953412841101474e-06
18 3.109051091602869e+00 1.976681449637648e-06
19 3.108913684462911e+00 9.882970442654008e-07
20 3.108344328453693e+00 4.940580254322200e-07
21 3.104672328821895e+00 2.467371884045517e-07
22 3.102682499075634e+00 1.232895254721496e-07
23 3.082010487005651e+00 6.123404675733349e-08
24 2.920171763835894e+00 2.900930011109406e-08
25 3.082010487005645e+00 1.530851168933334e-08
5.773502691896258e-01
2.697515701856653e-01
1.307843030768808e-01
6.476124754797018e-02
3.240171273673402e-02
1.619575669521193e-02
8.096802429227714e-03
4.048303524677237e-03
2.024150614869785e-03
1.012075868479436e-03
5.060378617469744e-04
2.530189289718868e-04
1.265094628866128e-04
6.325473182451591e-05
3.162736656644865e-05
1.581367944644432e-05
7.906838128977188e-06
3.953412841101474e-06
1.976681449637648e-06
9.882970442654008e-07
4.940580254322200e-07
2.467371884045517e-07
1.232895254721496e-07
6.123404675733349e-08
2.900930011109406e-08
3.082010487005645e+00
