Info [verificarlo]: loaded backend libinterflop_cancellation.so
Info [cancellation]: load backend with:
Info [cancellation]: tolerance = 1
Info [cancellation]: warning = false
Info [cancellation]: seed = 0
Info [cancellation]: ddebug: only 2 addresses will be instrumented
 i Ai+1                  Ti+1
 1 3.342768536539436e+00 2.785640447116197e-01
 2 3.201271604099739e+00 1.333863168374891e-01
 3 3.196329321253021e+00 6.659019419277128e-02
 4 3.197618427338914e+00 3.330852528478036e-02
 5 3.196123990118807e+00 1.664647911520212e-02
 6 3.196227729724084e+00 8.323509712823135e-03
 7 3.196140400144924e+00 4.161641146022036e-03
 8 3.196108473712035e+00 2.080799787572940e-03
 9 3.196104829623420e+00 1.040398707559707e-03
10 3.196102835644348e+00 5.201990292389890e-04
11 3.196102805657623e+00 2.600995121791685e-04
12 3.196102683802219e+00 1.300497511312752e-04
13 3.196102684636557e+00 6.502487558261224e-05
14 3.196102502889797e+00 3.251243594248247e-05
15 3.196102350219890e+00 1.625621719472194e-05
16 3.196102504213193e+00 8.128108988986187e-06
17 3.196107720989590e+00 4.064061127967313e-06
18 3.196102504180562e+00 2.032027247225801e-06
19 3.196107720973927e+00 1.016015281986849e-06
20 3.195415022461006e+00 5.078975395299603e-07
21 3.196107720973061e+00 2.540038204966435e-07
22 3.189915168721594e+00 1.267558403301872e-07
23 3.174065598759404e+00 6.306301750261394e-08
24 3.189915168721591e+00 3.168896008254678e-08
25 2.821391643341691e+00 1.401400388946976e-08
5.773502691896258e-01
2.785640447116197e-01
1.333863168374891e-01
6.659019419277128e-02
3.330852528478036e-02
1.664647911520212e-02
8.323509712823135e-03
4.161641146022036e-03
2.080799787572940e-03
1.040398707559707e-03
5.201990292389890e-04
2.600995121791685e-04
1.300497511312752e-04
6.502487558261224e-05
3.251243594248247e-05
1.625621719472194e-05
8.128108988986187e-06
4.064061127967313e-06
2.032027247225801e-06
1.016015281986849e-06
5.078975395299603e-07
2.540038204966435e-07
1.267558403301872e-07
6.306301750261394e-08
3.168896008254678e-08
2.821391643341691e+00
