Info [verificarlo]: loaded backend libinterflop_cancellation.so
Info [cancellation]: load backend with:
Info [cancellation]: tolerance = 1
Info [cancellation]: warning = false
Info [cancellation]: seed = 0
Info [cancellation]: ddebug: only 4 addresses will be instrumented
 i Ai+1                  Ti+1
 1 3.535823258575289e+00 2.946519382146074e-01
 2 3.473654359939998e+00 1.447355983308332e-01
 3 3.459721347960544e+00 7.207752808251133e-02
 4 3.450442854634227e+00 3.594211306910653e-02
 5 3.449765072163855e+00 1.796752641752008e-02
 6 3.449629013626988e+00 8.983408889653615e-03
 7 3.449520425850229e+00 4.491563054492487e-03
 8 3.449484509310412e+00 2.245758144082300e-03
 9 3.449482533548542e+00 1.122878428889499e-03
10 3.449480818841434e+00 5.614389353583063e-04
11 3.449480578172624e+00 2.807194480934753e-04
12 3.449480464099736e+00 1.403597194050999e-04
13 3.449480442867531e+00 7.017985927057966e-05
14 3.449480467765796e+00 3.508992988856807e-05
15 3.449480130192858e+00 1.754496322729929e-05
16 3.449480468917322e+00 8.772482475070501e-06
17 3.449470177294462e+00 4.386228151060055e-06
18 3.449440657329911e+00 2.193095307242019e-06
19 3.449310929318329e+00 1.096506414196755e-06
20 3.448803641515616e+00 5.481725758736317e-07
21 3.445488272211048e+00 2.738228060572186e-07
22 3.448803641515338e+00 1.370431439683969e-07
23 3.425100767641777e+00 6.805063819173529e-08
24 3.284574896681287e+00 3.262931999247558e-08
25 2.740080614113426e+00 1.361012763834708e-08
5.773502691896258e-01
2.946519382146074e-01
1.447355983308332e-01
7.207752808251133e-02
3.594211306910653e-02
1.796752641752008e-02
8.983408889653615e-03
4.491563054492487e-03
2.245758144082300e-03
1.122878428889499e-03
5.614389353583063e-04
2.807194480934753e-04
1.403597194050999e-04
7.017985927057966e-05
3.508992988856807e-05
1.754496322729929e-05
8.772482475070501e-06
4.386228151060055e-06
2.193095307242019e-06
1.096506414196755e-06
5.481725758736317e-07
2.738228060572186e-07
1.370431439683969e-07
6.805063819173529e-08
3.262931999247558e-08
2.740080614113426e+00
