Info [verificarlo]: loaded backend libinterflop_cancellation.so
Info [cancellation]: load backend with:
Info [cancellation]: tolerance = 1
Info [cancellation]: warning = false
Info [cancellation]: seed = 0
Info [cancellation]: ddebug: only 4 addresses will be instrumented
 i Ai+1                  Ti+1
 1 3.360817008601114e+00 2.800680840500928e-01
 2 3.361589338268392e+00 1.400662224278497e-01
 3 3.330477587868022e+00 6.938494974725046e-02
 4 3.326565827431943e+00 3.465172736908274e-02
 5 3.324775941348167e+00 1.731654136118837e-02
 6 3.324450427433475e+00 8.657422988108008e-03
 7 3.324360083160514e+00 4.328593858281920e-03
 8 3.324325932189497e+00 2.164274695435871e-03
 9 3.324324114746209e+00 1.082136756102282e-03
10 3.324322439733559e+00 5.410681054253839e-04
11 3.324321933709740e+00 2.705340115323682e-04
12 3.324321822111395e+00 1.352670012252358e-04
13 3.324321810211535e+00 6.763350037051464e-05
14 3.324321740559997e+00 3.381674947672523e-05
15 3.324321168158935e+00 1.690837182698026e-05
16 3.324321739492801e+00 8.454187366467287e-06
17 3.324310840603127e+00 4.227079824578764e-06
18 3.324259773716839e+00 2.113507444837467e-06
19 3.324062973508108e+00 1.056691161317224e-06
20 3.323598755665069e+00 5.282717952195913e-07
21 3.321418532000640e+00 2.639626290003967e-07
22 3.323598755665056e+00 1.320679488048973e-07
23 3.300262999949631e+00 6.557033459245425e-08
24 3.067937312921588e+00 3.047721895497628e-08
25 2.933567111066334e+00 1.457118546498981e-08
5.773502691896258e-01
2.800680840500928e-01
1.400662224278497e-01
6.938494974725046e-02
3.465172736908274e-02
1.731654136118837e-02
8.657422988108008e-03
4.328593858281920e-03
2.164274695435871e-03
1.082136756102282e-03
5.410681054253839e-04
2.705340115323682e-04
1.352670012252358e-04
6.763350037051464e-05
3.381674947672523e-05
1.690837182698026e-05
8.454187366467287e-06
4.227079824578764e-06
2.113507444837467e-06
1.056691161317224e-06
5.282717952195913e-07
2.639626290003967e-07
1.320679488048973e-07
6.557033459245425e-08
3.047721895497628e-08
2.933567111066334e+00
