Info [verificarlo]: loaded backend libinterflop_cancellation.so
Info [cancellation]: load backend with:
Info [cancellation]: tolerance = 1
Info [cancellation]: warning = false
Info [cancellation]: seed = 0
Info [cancellation]: ddebug: only 1 addresses will be instrumented
 i Ai+1                  Ti+1
 1 3.472360257473578e+00 2.893633547894648e-01
 2 3.349631391829342e+00 1.395679746595559e-01
 3 3.326012852083352e+00 6.929193441840316e-02
 4 3.324945358207482e+00 3.463484748132794e-02
 5 3.325232883193901e+00 1.731892126663490e-02
 6 3.325110411291847e+00 8.659141696072518e-03
 7 3.325072736527090e+00 4.329521792352982e-03
 8 3.325069339678359e+00 2.164758684686432e-03
 9 3.325068436911858e+00 1.082379048473912e-03
10 3.325066305647800e+00 5.411891773515299e-04
11 3.325065833301687e+00 2.705945502361399e-04
12 3.325065799289590e+00 1.352972737341142e-04
13 3.325065821879772e+00 6.764863732665552e-05
14 3.325065704629585e+00 3.382431747059718e-05
15 3.325065502462309e+00 1.691215770702265e-05
16 3.325064414143772e+00 8.456076085774161e-06
17 3.325055176907466e+00 4.228026297133720e-06
18 3.325002462255820e+00 2.113979633493945e-06
19 3.324972573012572e+00 1.056980315212432e-06
20 3.324011206425275e+00 5.283373525023897e-07
21 3.321006402945279e+00 2.639298759258015e-07
22 3.324011206425162e+00 1.320843381255930e-07
23 3.299853495920207e+00 6.556219847838496e-08
24 3.068318036700145e+00 3.048100110590602e-08
25 2.933203107484627e+00 1.456937743964109e-08
5.773502691896258e-01
2.893633547894648e-01
1.395679746595559e-01
6.929193441840316e-02
3.463484748132794e-02
1.731892126663490e-02
8.659141696072518e-03
4.329521792352982e-03
2.164758684686432e-03
1.082379048473912e-03
5.411891773515299e-04
2.705945502361399e-04
1.352972737341142e-04
6.764863732665552e-05
3.382431747059718e-05
1.691215770702265e-05
8.456076085774161e-06
4.228026297133720e-06
2.113979633493945e-06
1.056980315212432e-06
5.283373525023897e-07
2.639298759258015e-07
1.320843381255930e-07
6.556219847838496e-08
3.048100110590602e-08
2.933203107484627e+00
