5.773502691896258e-01
2.679491924311229e-01
1.316524975873962e-01
6.554346281523889e-02
3.273661041297472e-02
1.636392213531180e-02
8.181413403789240e-03
4.090638250780627e-03
2.045310569220922e-03
1.022654215109654e-03
5.113269739377658e-04
2.556634705096510e-04
1.278317330624001e-04
6.391586545615410e-05
3.195793326560003e-05
1.597896289002468e-05
7.989483316400007e-06
3.994726826450811e-06
1.997370829100002e-06
9.986261223912627e-07
4.991759447099526e-07
2.495453250162576e-07
1.245715370042662e-07
6.238633125406441e-08
3.203268094395418e-08
2.791117213058638e+00
