Info [verificarlo]: loaded backend libinterflop_cancellation.so
Info [cancellation]: load backend with:
Info [cancellation]: tolerance = 1
Info [cancellation]: warning = false
Info [cancellation]: seed = 0
Info [cancellation]: ddebug: only 7 addresses will be instrumented
 i Ai+1                  Ti+1
 1 3.097781887639431e+00 2.581484906366193e-01
 2 3.054687627213746e+00 1.272786511339061e-01
 3 3.041435767808648e+00 6.336324516268016e-02
 4 3.032768346689244e+00 3.159133694467962e-02
 5 3.031471345173654e+00 1.578891325611278e-02
 6 3.030978001421892e+00 7.893171878702844e-03
 7 3.030944550361486e+00 3.946542383283186e-03
 8 3.030950505218017e+00 1.973275068501314e-03
 9 3.030950265603523e+00 9.866374562511467e-04
10 3.030948203847257e+00 4.933183925532645e-04
11 3.030947932215923e+00 2.466591741712177e-04
12 3.030947961400586e+00 1.233295882731358e-04
13 3.030947960167635e+00 6.166479411148345e-05
14 3.030947866625572e+00 3.083239610418266e-05
15 3.030947258371212e+00 1.541619495834967e-05
16 3.030943618053003e+00 7.708088221366891e-06
17 3.030947258203187e+00 3.854048739373762e-06
18 3.030898309102417e+00 1.926993248686737e-06
19 3.030675400007135e+00 9.634257634503476e-07
20 3.030535804817006e+00 4.816906936672539e-07
21 3.027775232160567e+00 2.406259562302086e-07
22 3.018924556522432e+00 1.199612838634822e-07
23 2.981194074742716e+00 5.923100461051297e-08
24 3.018924556522445e+00 2.999032096587067e-08
25 2.981194074742718e+00 1.480775115262825e-08
5.773502691896258e-01
2.581484906366193e-01
1.272786511339061e-01
6.336324516268016e-02
3.159133694467962e-02
1.578891325611278e-02
7.893171878702844e-03
3.946542383283186e-03
1.973275068501314e-03
9.866374562511467e-04
4.933183925532645e-04
2.466591741712177e-04
1.233295882731358e-04
6.166479411148345e-05
3.083239610418266e-05
1.541619495834967e-05
7.708088221366891e-06
3.854048739373762e-06
1.926993248686737e-06
9.634257634503476e-07
4.816906936672539e-07
2.406259562302086e-07
1.199612838634822e-07
5.923100461051297e-08
2.999032096587067e-08
2.981194074742718e+00
