Info [verificarlo]: loaded backend libinterflop_cancellation.so
Info [cancellation]: load backend with:
Info [cancellation]: tolerance = 1
Info [cancellation]: warning = false
Info [cancellation]: seed = 0
Info [cancellation]: ddebug: only 7 addresses will be instrumented
 i Ai+1                  Ti+1
 1 3.519870094881130e+00 2.933225079067608e-01
 2 3.417458785065045e+00 1.423941160443769e-01
 3 3.399792516183830e+00 7.082901075382979e-02
 4 3.392829894462202e+00 3.534197806731460e-02
 5 3.390645764661994e+00 1.765961335761455e-02
 6 3.390508504602879e+00 8.829449230736664e-03
 7 3.390376377925778e+00 4.414552575424190e-03
 8 3.390354962402051e+00 2.207262345313835e-03
 9 3.390355856932012e+00 1.103631463845056e-03
10 3.390354241267941e+00 5.518154689563706e-04
11 3.390354096973760e+00 2.759077227354948e-04
12 3.390354019132406e+00 1.379538582003746e-04
13 3.390353975730379e+00 6.897692821717079e-05
14 3.390353785529729e+00 3.448846217376433e-05
15 3.390353345300642e+00 1.724422884776124e-05
16 3.390353785527369e+00 8.622115543435081e-06
17 3.390358408674516e+00 4.311063650353134e-06
18 3.390333532684603e+00 2.155516009448117e-06
19 3.390196384391753e+00 1.077714406455915e-06
20 3.389685409273985e+00 5.387759859202679e-07
21 3.386307057757153e+00 2.691195057040177e-07
22 3.384494466839864e+00 1.344877269601768e-07
23 3.323982387982515e+00 6.604159649178415e-08
24 3.384494466839867e+00 3.362193174004423e-08
25 2.659185910386014e+00 1.320831929835684e-08
5.773502691896258e-01
2.933225079067608e-01
1.423941160443769e-01
7.082901075382979e-02
3.534197806731460e-02
1.765961335761455e-02
8.829449230736664e-03
4.414552575424190e-03
2.207262345313835e-03
1.103631463845056e-03
5.518154689563706e-04
2.759077227354948e-04
1.379538582003746e-04
6.897692821717079e-05
3.448846217376433e-05
1.724422884776124e-05
8.622115543435081e-06
4.311063650353134e-06
2.155516009448117e-06
1.077714406455915e-06
5.387759859202679e-07
2.691195057040177e-07
1.344877269601768e-07
6.604159649178415e-08
3.362193174004423e-08
2.659185910386014e+00
