Info [verificarlo]: loaded backend libinterflop_cancellation.so
Info [cancellation]: load backend with:
Info [cancellation]: tolerance = 1
Info [cancellation]: warning = false
Info [cancellation]: seed = 0
Info [cancellation]: ddebug: only 7 addresses will be instrumented
 i Ai+1                  Ti+1
 1 3.219356197986817e+00 2.682796831655681e-01
 2 3.087386013134458e+00 1.286410838806024e-01
 3 3.053127312059673e+00 6.360681900124318e-02
 4 3.053872545402506e+00 3.181117234794277e-02
 5 3.054242122410894e+00 1.590751105422341e-02
 6 3.054276333598761e+00 7.953844618746774e-03
 7 3.054185000741950e+00 3.976803386382748e-03
 8 3.054183536188176e+00 1.988400739705844e-03
 9 3.054181431049092e+00 9.941996845862929e-04
10 3.054181490997307e+00 4.970998520503429e-04
11 3.054181632113535e+00 2.485499375092395e-04
12 3.054181671007883e+00 1.242749703372348e-04
13 3.054181630743400e+00 6.213748434943441e-05
14 3.054181676025812e+00 3.106874263535372e-05
15 3.054180931573778e+00 1.553436753119801e-05
16 3.054177459431183e+00 7.767174935483763e-06
17 3.054180931811513e+00 3.883591883101798e-06
18 3.054154977326482e+00 1.941779440133719e-06
19 3.054001073083950e+00 9.708407952257635e-07
20 3.053435506189706e+00 4.853305031760067e-07
21 3.051122655485592e+00 2.424814427284871e-07
22 3.041913108053258e+00 1.208747668287459e-07
23 3.051122655485611e+00 6.062036068212214e-08
24 2.949733922960750e+00 2.930297377666583e-08
25 3.051122655485615e+00 1.515509017053055e-08
5.773502691896258e-01
2.682796831655681e-01
1.286410838806024e-01
6.360681900124318e-02
3.181117234794277e-02
1.590751105422341e-02
7.953844618746774e-03
3.976803386382748e-03
1.988400739705844e-03
9.941996845862929e-04
4.970998520503429e-04
2.485499375092395e-04
1.242749703372348e-04
6.213748434943441e-05
3.106874263535372e-05
1.553436753119801e-05
7.767174935483763e-06
3.883591883101798e-06
1.941779440133719e-06
9.708407952257635e-07
4.853305031760067e-07
2.424814427284871e-07
1.208747668287459e-07
6.062036068212214e-08
2.930297377666583e-08
3.051122655485615e+00
