Info [verificarlo]: loaded backend libinterflop_cancellation.so
Info [cancellation]: load backend with:
Info [cancellation]: tolerance = 1
Info [cancellation]: warning = false
Info [cancellation]: seed = 0
Info [cancellation]: ddebug: only 2 addresses will be instrumented
 i Ai+1                  Ti+1
 1 3.133374836055271e+00 2.611145696712726e-01
 2 3.072692434395031e+00 1.280288514331263e-01
 3 3.064466383153723e+00 6.384304964903591e-02
 4 3.063220920560783e+00 3.190855125584149e-02
 5 3.061726963842100e+00 1.594649460334427e-02
 6 3.061766025621050e+00 7.973349025054817e-03
 7 3.061768584119060e+00 3.986677843905027e-03
 8 3.061777410848637e+00 1.993344668521248e-03
 9 3.061772959293678e+00 9.966708851867441e-04
10 3.061770826519921e+00 4.983350954622267e-04
11 3.061770310762061e+00 2.491675057586312e-04
12 3.061770308641803e+00 1.245837527930421e-04
13 3.061770308276079e+00 6.229187638908040e-05
14 3.061770321223304e+00 3.114593832624617e-05
15 3.061769955117573e+00 1.557296730101304e-05
16 3.061767518024641e+00 7.786477452658694e-06
17 3.061769954777528e+00 3.893241824820872e-06
18 3.061745091656752e+00 1.946605104863963e-06
19 3.061500835520595e+00 9.732249054974223e-07
20 3.061745091654883e+00 4.866512762156936e-07
21 3.060065532737106e+00 2.431921587576155e-07
22 3.056000729381524e+00 1.214345586054136e-07
23 3.037057521212819e+00 6.034091157143948e-08
24 2.963394646672989e+00 2.943868087403962e-08
25 3.037057521212818e+00 1.508522789285987e-08
5.773502691896258e-01
2.611145696712726e-01
1.280288514331263e-01
6.384304964903591e-02
3.190855125584149e-02
1.594649460334427e-02
7.973349025054817e-03
3.986677843905027e-03
1.993344668521248e-03
9.966708851867441e-04
4.983350954622267e-04
2.491675057586312e-04
1.245837527930421e-04
6.229187638908040e-05
3.114593832624617e-05
1.557296730101304e-05
7.786477452658694e-06
3.893241824820872e-06
1.946605104863963e-06
9.732249054974223e-07
4.866512762156936e-07
2.431921587576155e-07
1.214345586054136e-07
6.034091157143948e-08
2.943868087403962e-08
3.037057521212818e+00
