Info [verificarlo]: loaded backend libinterflop_cancellation.so
Info [cancellation]: load backend with:
Info [cancellation]: tolerance = 1
Info [cancellation]: warning = false
Info [cancellation]: seed = 0
Info [cancellation]: ddebug: only 1 addresses will be instrumented
 i Ai+1                  Ti+1
 1 3.420222902133170e+00 2.850185751777641e-01
 2 3.345467145162078e+00 1.393944643817532e-01
 3 3.323353543113909e+00 6.923653214820642e-02
 4 3.323163058886115e+00 3.461628186339703e-02
 5 3.320897309987274e+00 1.729634015618372e-02
 6 3.320448728392700e+00 8.647001896855988e-03
 7 3.320447401325268e+00 4.323499220475610e-03
 8 3.320421972151083e+00 2.161733054785861e-03
 9 3.320416629726223e+00 1.080864788322338e-03
10 3.320415139046595e+00 5.404321515375317e-04
11 3.320415170987675e+00 2.702160783681377e-04
12 3.320415155367554e+00 1.351080385484844e-04
13 3.320415169572442e+00 6.755401956324140e-05
14 3.320415155278813e+00 3.377700963621840e-05
15 3.320414202124180e+00 1.688849997011403e-05
16 3.320411277666916e+00 8.444242547777597e-06
17 3.320409031891401e+00 4.222118418237561e-06
18 3.320390598204821e+00 2.111047489296482e-06
19 3.320326313236178e+00 1.055503309007065e-06
20 3.319397955274520e+00 5.276040959794553e-07
21 3.320326313235921e+00 2.638758272517460e-07
22 3.324692050897146e+00 1.321113924541929e-07
23 3.299177737992368e+00 6.554877237463729e-08
24 3.068946508520431e+00 3.048724441250594e-08
25 2.932602433770990e+00 1.456639386103049e-08
5.773502691896258e-01
2.850185751777641e-01
1.393944643817532e-01
6.923653214820642e-02
3.461628186339703e-02
1.729634015618372e-02
8.647001896855988e-03
4.323499220475610e-03
2.161733054785861e-03
1.080864788322338e-03
5.404321515375317e-04
2.702160783681377e-04
1.351080385484844e-04
6.755401956324140e-05
3.377700963621840e-05
1.688849997011403e-05
8.444242547777597e-06
4.222118418237561e-06
2.111047489296482e-06
1.055503309007065e-06
5.276040959794553e-07
2.638758272517460e-07
1.321113924541929e-07
6.554877237463729e-08
3.048724441250594e-08
2.932602433770990e+00
