Info [verificarlo]: loaded backend libinterflop_cancellation.so
Info [cancellation]: load backend with:
Info [cancellation]: tolerance = 1
Info [cancellation]: warning = false
Info [cancellation]: seed = 0
Info [cancellation]: ddebug: only 3 addresses will be instrumented
 i Ai+1                  Ti+1
 1 3.468120263546533e+00 2.890100219622111e-01
 2 3.426362664921685e+00 1.427651110384036e-01
 3 3.395471165549038e+00 7.073898261560496e-02
 4 3.396176755655293e+00 3.537684120474263e-02
 5 3.395593481284664e+00 1.768538271502429e-02
 6 3.395028861842460e+00 8.841220994381406e-03
 7 3.394931707644270e+00 4.420483994328477e-03
 8 3.394910008662777e+00 2.210227870223162e-03
 9 3.394903358988424e+00 1.105111770504044e-03
10 3.394901998295166e+00 5.525556637850205e-04
11 3.394902016503083e+00 2.762778333742744e-04
12 3.394901885343808e+00 1.381389113502526e-04
13 3.394901898842434e+00 6.906945594975656e-05
14 3.394901867899859e+00 3.453472766011413e-05
15 3.394901582940159e+00 1.726736238067708e-05
16 3.394898074765476e+00 8.633672268588959e-06
17 3.394901583130230e+00 4.316840595410957e-06
18 3.394857623192815e+00 2.158392348729969e-06
19 3.394739774767578e+00 1.079158711359526e-06
20 3.394210367210190e+00 5.394952086146974e-07
21 3.392150347022800e+00 2.695838886120161e-07
22 3.378664365528185e+00 1.342560595483853e-07
23 3.329718132046910e+00 6.615555548761109e-08
24 3.378664365528191e+00 3.356401488709640e-08
25 2.663774505637530e+00 1.323111109752223e-08
5.773502691896258e-01
2.890100219622111e-01
1.427651110384036e-01
7.073898261560496e-02
3.537684120474263e-02
1.768538271502429e-02
8.841220994381406e-03
4.420483994328477e-03
2.210227870223162e-03
1.105111770504044e-03
5.525556637850205e-04
2.762778333742744e-04
1.381389113502526e-04
6.906945594975656e-05
3.453472766011413e-05
1.726736238067708e-05
8.633672268588959e-06
4.316840595410957e-06
2.158392348729969e-06
1.079158711359526e-06
5.394952086146974e-07
2.695838886120161e-07
1.342560595483853e-07
6.615555548761109e-08
3.356401488709640e-08
2.663774505637530e+00
