Info [verificarlo]: loaded backend libinterflop_cancellation.so
Info [cancellation]: load backend with:
Info [cancellation]: tolerance = 1
Info [cancellation]: warning = false
Info [cancellation]: seed = 0
Info [cancellation]: ddebug: only 8 addresses will be instrumented
 i Ai+1                  Ti+1
 1 3.526888617951376e+00 2.939073848292814e-01
 2 3.446322566255605e+00 1.435967735939836e-01
 3 3.424339993928059e+00 7.134041654016789e-02
 4 3.418653846970285e+00 3.561097757260713e-02
 5 3.417297234094671e+00 1.779842309424308e-02
 6 3.416985688279596e+00 8.898400229894783e-03
 7 3.416956883977895e+00 4.449162609346218e-03
 8 3.416948211966460e+00 2.224575658832331e-03
 9 3.416948166334855e+00 1.112287814562127e-03
10 3.416946786022591e+00 5.561436826208645e-04
11 3.416946723355501e+00 2.780718362105713e-04
12 3.416946734328880e+00 1.390359185517936e-04
13 3.416946718010617e+00 6.951795894390089e-05
14 3.416946739301657e+00 3.475897968853410e-05
15 3.416946091180726e+00 1.737948654775353e-05
16 3.416944227330230e+00 8.689738533859838e-06
17 3.416946091206690e+00 4.344871636971398e-06
18 3.416924131966504e+00 2.172421857176783e-06
19 3.416865709491641e+00 1.086192356583799e-06
20 3.415959534956470e+00 5.429521457285039e-07
21 3.416865709490530e+00 2.715480891458615e-07
22 3.415959534956406e+00 1.357380364321234e-07
23 3.375698652749739e+00 6.706910635530431e-08
24 3.332643448737966e+00 3.310683815417653e-08
25 2.700558922199793e+00 1.341382127106087e-08
5.773502691896258e-01
2.939073848292814e-01
1.435967735939836e-01
7.134041654016789e-02
3.561097757260713e-02
1.779842309424308e-02
8.898400229894783e-03
4.449162609346218e-03
2.224575658832331e-03
1.112287814562127e-03
5.561436826208645e-04
2.780718362105713e-04
1.390359185517936e-04
6.951795894390089e-05
3.475897968853410e-05
1.737948654775353e-05
8.689738533859838e-06
4.344871636971398e-06
2.172421857176783e-06
1.086192356583799e-06
5.429521457285039e-07
2.715480891458615e-07
1.357380364321234e-07
6.706910635530431e-08
3.310683815417653e-08
2.700558922199793e+00
