Info [verificarlo]: loaded backend libinterflop_cancellation.so
Info [cancellation]: load backend with:
Info [cancellation]: tolerance = 1
Info [cancellation]: warning = false
Info [cancellation]: seed = 0
Info [cancellation]: ddebug: only 1 addresses will be instrumented
 i Ai+1                  Ti+1
 1 3.056010615206769e+00 2.546675512672307e-01
 2 3.069568961598257e+00 1.278987067332607e-01
 3 3.036546850673660e+00 6.326139272236792e-02
 4 3.035140852585887e+00 3.161605054776966e-02
 5 3.034622169505179e+00 1.580532379950614e-02
 6 3.034624111726981e+00 7.902666957622345e-03
 7 3.034644504818485e+00 3.951360032315736e-03
 8 3.034618006070416e+00 1.975662764368761e-03
 9 3.034614602176179e+00 9.878302741458914e-04
10 3.034613489157436e+00 4.939149559175514e-04
11 3.034612956669898e+00 2.469574346248290e-04
12 3.034612846070220e+00 1.234787128121021e-04
13 3.034612836258782e+00 6.173935620643681e-05
14 3.034612603676765e+00 3.086967573727178e-05
15 3.034612477116451e+00 1.543483722491685e-05
16 3.034608361645935e+00 7.717408146275672e-06
17 3.034595506783957e+00 3.858687727335556e-06
18 3.034585734339730e+00 1.929337650515067e-06
19 3.034595506784808e+00 9.646719318341599e-07
20 3.033861662340946e+00 4.822193244840219e-07
21 3.030250023960339e+00 2.408226350116999e-07
22 3.016459014181870e+00 1.198633120132236e-07
23 2.983630792822509e+00 5.927941784903426e-08
24 3.016459014181851e+00 2.996582800330571e-08
25 2.983630792822509e+00 1.481985446225856e-08
5.773502691896258e-01
2.546675512672307e-01
1.278987067332607e-01
6.326139272236792e-02
3.161605054776966e-02
1.580532379950614e-02
7.902666957622345e-03
3.951360032315736e-03
1.975662764368761e-03
9.878302741458914e-04
4.939149559175514e-04
2.469574346248290e-04
1.234787128121021e-04
6.173935620643681e-05
3.086967573727178e-05
1.543483722491685e-05
7.717408146275672e-06
3.858687727335556e-06
1.929337650515067e-06
9.646719318341599e-07
4.822193244840219e-07
2.408226350116999e-07
1.198633120132236e-07
5.927941784903426e-08
2.996582800330571e-08
2.983630792822509e+00
