Info [verificarlo]: loaded backend libinterflop_cancellation.so
Info [cancellation]: load backend with:
Info [cancellation]: tolerance = 1
Info [cancellation]: warning = false
Info [cancellation]: seed = 0
Info [cancellation]: ddebug: only 1 addresses will be instrumented
 i Ai+1                  Ti+1
 1 3.182162246881711e+00 2.651801872401425e-01
 2 3.176204250617756e+00 1.323418437757398e-01
 3 3.174506601243275e+00 6.613555419256822e-02
 4 3.167478499826638e+00 3.299456770652748e-02
 5 3.166294592435234e+00 1.649111766893351e-02
 6 3.166149408094750e+00 8.245180750246744e-03
 7 3.166135736730491e+00 4.122572573867827e-03
 8 3.166111816941440e+00 2.061270714154583e-03
 9 3.166110044252008e+00 1.030634780029951e-03
10 3.166109102436922e+00 5.153172367247594e-04
11 3.166108615203219e+00 2.576585787111995e-04
12 3.166108498096761e+00 1.288292845905257e-04
13 3.166108514373391e+00 6.441464262641177e-05
14 3.166108588542482e+00 3.220732206769289e-05
15 3.166108511959540e+00 1.610366064432546e-05
16 3.166105878327311e+00 8.051823624489622e-06
17 3.166097668391174e+00 4.025901372771166e-06
18 3.166105878387898e+00 2.012955906160926e-06
19 3.166010918862228e+00 1.006447766260220e-06
20 3.166105878387697e+00 5.032389765401994e-07
21 3.164622926350932e+00 2.515016338309393e-07
22 3.154996734954743e+00 1.253683064363298e-07
23 3.120050772458641e+00 6.198983932452682e-08
24 2.884568443387183e+00 2.865561289973242e-08
25 3.120050772458640e+00 1.549745983113170e-08
5.773502691896258e-01
2.651801872401425e-01
1.323418437757398e-01
6.613555419256822e-02
3.299456770652748e-02
1.649111766893351e-02
8.245180750246744e-03
4.122572573867827e-03
2.061270714154583e-03
1.030634780029951e-03
5.153172367247594e-04
2.576585787111995e-04
1.288292845905257e-04
6.441464262641177e-05
3.220732206769289e-05
1.610366064432546e-05
8.051823624489622e-06
4.025901372771166e-06
2.012955906160926e-06
1.006447766260220e-06
5.032389765401994e-07
2.515016338309393e-07
1.253683064363298e-07
6.198983932452682e-08
2.865561289973242e-08
3.120050772458640e+00
