i x t
1 0.0000000000000000e+00 1.0000000000000000e+00
2 0.0000000000000000e+00 1.0000000000000000e+00
3 0.0000000000000000e+00 9.9999999999999989e-01
4 0.0000000000000000e+00 1.0000000000000004e+00
5 0.0000000000000000e+00 9.9999999999999989e-01
6 0.0000000000000000e+00 9.9999999999999978e-01
7 0.0000000000000000e+00 9.9999999999999989e-01
8 0.0000000000000000e+00 1.0000000000000000e+00
9 0.0000000000000000e+00 9.9999999999999989e-01
10 0.0000000000000000e+00 9.9999999999999989e-01
11 0.0000000000000000e+00 9.9999999999999989e-01
12 0.0000000000000000e+00 9.9999999999999989e-01
13 0.0000000000000000e+00 9.9999999999999989e-01
14 0.0000000000000000e+00 9.9999999999999978e-01
15 0.0000000000000000e+00 1.0000000000000002e+00
16 0.0000000000000000e+00 9.9999999999999989e-01
17 0.0000000000000000e+00 1.0000000000000000e+00
18 0.0000000000000000e+00 9.9999999999999989e-01
19 0.0000000000000000e+00 9.9999999999999967e-01
20 0.0000000000000000e+00 1.0000000000000004e+00
1 1.0000000000000000e-02 9.8006591557489176e-01
2 1.0000000000000000e-02 9.8006591557489153e-01
3 1.0000000000000000e-02 9.8006591557489176e-01
4 1.0000000000000000e-02 9.8006591557489164e-01
5 1.0000000000000000e-02 9.8006591557489153e-01
6 1.0000000000000000e-02 9.8006591557489153e-01
7 1.0000000000000000e-02 9.8006591557489142e-01
8 1.0000000000000000e-02 9.8006591557489153e-01
9 1.0000000000000000e-02 9.8006591557489187e-01
10 1.0000000000000000e-02 9.8006591557489164e-01
11 1.0000000000000000e-02 9.8006591557489142e-01
12 1.0000000000000000e-02 9.8006591557489164e-01
13 1.0000000000000000e-02 9.8006591557489120e-01
14 1.0000000000000000e-02 9.8006591557489142e-01
15 1.0000000000000000e-02 9.8006591557489142e-01
16 1.0000000000000000e-02 9.8006591557489131e-01
17 1.0000000000000000e-02 9.8006591557489176e-01
18 1.0000000000000000e-02 9.8006591557489142e-01
19 1.0000000000000000e-02 9.8006591557489153e-01
20 1.0000000000000000e-02 9.8006591557489142e-01
1 2.0000000000000000e-02 9.2105060731649857e-01
2 2.0000000000000000e-02 9.2105060731649857e-01
3 2.0000000000000000e-02 9.2105060731649835e-01
4 2.0000000000000000e-02 9.2105060731649879e-01
5 2.0000000000000000e-02 9.2105060731649890e-01
6 2.0000000000000000e-02 9.2105060731649835e-01
7 2.0000000000000000e-02 9.2105060731649879e-01
8 2.0000000000000000e-02 9.2105060731649868e-01
9 2.0000000000000000e-02 9.2105060731649868e-01
10 2.0000000000000000e-02 9.2105060731649879e-01
11 2.0000000000000000e-02 9.2105060731649857e-01
12 2.0000000000000000e-02 9.2105060731649846e-01
13 2.0000000000000000e-02 9.2105060731649857e-01
14 2.0000000000000000e-02 9.2105060731649813e-01
15 2.0000000000000000e-02 9.2105060731649857e-01
16 2.0000000000000000e-02 9.2105060731649835e-01
17 2.0000000000000000e-02 9.2105060731649846e-01
18 2.0000000000000000e-02 9.2105060731649857e-01
19 2.0000000000000000e-02 9.2105060731649857e-01
20 2.0000000000000000e-02 9.2105060731649879e-01
1 2.9999999999999999e-02 8.2528477314957205e-01
2 2.9999999999999999e-02 8.2528477314957205e-01
3 2.9999999999999999e-02 8.2528477314957227e-01
4 2.9999999999999999e-02 8.2528477314957194e-01
5 2.9999999999999999e-02 8.2528477314957227e-01
6 2.9999999999999999e-02 8.2528477314957172e-01
7 2.9999999999999999e-02 8.2528477314957227e-01
8 2.9999999999999999e-02 8.2528477314957249e-01
9 2.9999999999999999e-02 8.2528477314957216e-01
10 2.9999999999999999e-02 8.2528477314957205e-01
11 2.9999999999999999e-02 8.2528477314957227e-01
12 2.9999999999999999e-02 8.2528477314957216e-01
13 2.9999999999999999e-02 8.2528477314957205e-01
14 2.9999999999999999e-02 8.2528477314957227e-01
15 2.9999999999999999e-02 8.2528477314957227e-01
16 2.9999999999999999e-02 8.2528477314957194e-01
17 2.9999999999999999e-02 8.2528477314957227e-01
18 2.9999999999999999e-02 8.2528477314957227e-01
19 2.9999999999999999e-02 8.2528477314957205e-01
20 2.9999999999999999e-02 8.2528477314957227e-01
1 4.0000000000000001e-02 6.9655354721451346e-01
2 4.0000000000000001e-02 6.9655354721451346e-01
3 4.0000000000000001e-02 6.9655354721451346e-01
4 4.0000000000000001e-02 6.9655354721451346e-01
5 4.0000000000000001e-02 6.9655354721451324e-01
6 4.0000000000000001e-02 6.9655354721451346e-01
7 4.0000000000000001e-02 6.9655354721451312e-01
8 4.0000000000000001e-02 6.9655354721451335e-01
9 4.0000000000000001e-02 6.9655354721451357e-01
10 4.0000000000000001e-02 6.9655354721451324e-01
11 4.0000000000000001e-02 6.9655354721451346e-01
12 4.0000000000000001e-02 6.9655354721451335e-01
13 4.0000000000000001e-02 6.9655354721451324e-01
14 4.0000000000000001e-02 6.9655354721451335e-01
15 4.0000000000000001e-02 6.9655354721451357e-01
16 4.0000000000000001e-02 6.9655354721451346e-01
17 4.0000000000000001e-02 6.9655354721451357e-01
18 4.0000000000000001e-02 6.9655354721451312e-01
19 4.0000000000000001e-02 6.9655354721451346e-01
20 4.0000000000000001e-02 6.9655354721451335e-01
1 5.0000000000000003e-02 5.3995125093350860e-01
2 5.0000000000000003e-02 5.3995125093350826e-01
3 5.0000000000000003e-02 5.3995125093350838e-01
4 5.0000000000000003e-02 5.3995125093350849e-01
5 5.0000000000000003e-02 5.3995125093350882e-01
6 5.0000000000000003e-02 5.3995125093350849e-01
7 5.0000000000000003e-02 5.3995125093350826e-01
8 5.0000000000000003e-02 5.3995125093350826e-01
9 5.0000000000000003e-02 5.3995125093350815e-01
10 5.0000000000000003e-02 5.3995125093350849e-01
11 5.0000000000000003e-02 5.3995125093350826e-01
12 5.0000000000000003e-02 5.3995125093350815e-01
13 5.0000000000000003e-02 5.3995125093350849e-01
14 5.0000000000000003e-02 5.3995125093350815e-01
15 5.0000000000000003e-02 5.3995125093350849e-01
16 5.0000000000000003e-02 5.3995125093350815e-01
17 5.0000000000000003e-02 5.3995125093350860e-01
18 5.0000000000000003e-02 5.3995125093350871e-01
19 5.0000000000000003e-02 5.3995125093350838e-01
20 5.0000000000000003e-02 5.3995125093350838e-01
1 5.9999999999999998e-02 3.6168550269902477e-01
2 5.9999999999999998e-02 3.6168550269902472e-01
3 5.9999999999999998e-02 3.6168550269902472e-01
4 5.9999999999999998e-02 3.6168550269902483e-01
5 5.9999999999999998e-02 3.6168550269902472e-01
6 5.9999999999999998e-02 3.6168550269902483e-01
7 5.9999999999999998e-02 3.6168550269902477e-01
8 5.9999999999999998e-02 3.6168550269902477e-01
9 5.9999999999999998e-02 3.6168550269902455e-01
10 5.9999999999999998e-02 3.6168550269902483e-01
11 5.9999999999999998e-02 3.6168550269902472e-01
12 5.9999999999999998e-02 3.6168550269902461e-01
13 5.9999999999999998e-02 3.6168550269902477e-01
14 5.9999999999999998e-02 3.6168550269902455e-01
15 5.9999999999999998e-02 3.6168550269902450e-01
16 5.9999999999999998e-02 3.6168550269902466e-01
17 5.9999999999999998e-02 3.6168550269902455e-01
18 5.9999999999999998e-02 3.6168550269902455e-01
19 5.9999999999999998e-02 3.6168550269902489e-01
20 5.9999999999999998e-02 3.6168550269902455e-01
1 7.0000000000000007e-02 1.6883784240101118e-01
2 7.0000000000000007e-02 1.6883784240101132e-01
3 7.0000000000000007e-02 1.6883784240101113e-01
4 7.0000000000000007e-02 1.6883784240101132e-01
5 7.0000000000000007e-02 1.6883784240101149e-01
6 7.0000000000000007e-02 1.6883784240101135e-01
7 7.0000000000000007e-02 1.6883784240101130e-01
8 7.0000000000000007e-02 1.6883784240101135e-01
9 7.0000000000000007e-02 1.6883784240101124e-01
10 7.0000000000000007e-02 1.6883784240101146e-01
11 7.0000000000000007e-02 1.6883784240101132e-01
12 7.0000000000000007e-02 1.6883784240101143e-01
13 7.0000000000000007e-02 1.6883784240101121e-01
14 7.0000000000000007e-02 1.6883784240101130e-01
15 7.0000000000000007e-02 1.6883784240101113e-01
16 7.0000000000000007e-02 1.6883784240101135e-01
17 7.0000000000000007e-02 1.6883784240101152e-01
18 7.0000000000000007e-02 1.6883784240101143e-01
19 7.0000000000000007e-02 1.6883784240101105e-01
20 7.0000000000000007e-02 1.6883784240101143e-01
1 8.0000000000000002e-02 -3.0910349546681169e-02
2 8.0000000000000002e-02 -3.0910349546681148e-02
3 8.0000000000000002e-02 -3.0910349546681048e-02
4 8.0000000000000002e-02 -3.0910349546681180e-02
5 8.0000000000000002e-02 -3.0910349546681128e-02
6 8.0000000000000002e-02 -3.0910349546681051e-02
7 8.0000000000000002e-02 -3.0910349546681256e-02
8 8.0000000000000002e-02 -3.0910349546681055e-02
9 8.0000000000000002e-02 -3.0910349546681471e-02
10 8.0000000000000002e-02 -3.0910349546681298e-02
11 8.0000000000000002e-02 -3.0910349546681409e-02
12 8.0000000000000002e-02 -3.0910349546681301e-02
13 8.0000000000000002e-02 -3.0910349546681114e-02
14 8.0000000000000002e-02 -3.0910349546681162e-02
15 8.0000000000000002e-02 -3.0910349546681475e-02
16 8.0000000000000002e-02 -3.0910349546681530e-02
17 8.0000000000000002e-02 -3.0910349546681322e-02
18 8.0000000000000002e-02 -3.0910349546681339e-02
19 8.0000000000000002e-02 -3.0910349546681030e-02
20 8.0000000000000002e-02 -3.0910349546681225e-02
1 8.9999999999999997e-02 -2.2957653388433247e-01
2 8.9999999999999997e-02 -2.2957653388433252e-01
3 8.9999999999999997e-02 -2.2957653388433241e-01
4 8.9999999999999997e-02 -2.2957653388433272e-01
5 8.9999999999999997e-02 -2.2957653388433216e-01
6 8.9999999999999997e-02 -2.2957653388433297e-01
7 8.9999999999999997e-02 -2.2957653388433238e-01
8 8.9999999999999997e-02 -2.2957653388433266e-01
9 8.9999999999999997e-02 -2.2957653388433275e-01
10 8.9999999999999997e-02 -2.2957653388433233e-01
11 8.9999999999999997e-02 -2.2957653388433302e-01
12 8.9999999999999997e-02 -2.2957653388433263e-01
13 8.9999999999999997e-02 -2.2957653388433255e-01
14 8.9999999999999997e-02 -2.2957653388433236e-01
15 8.9999999999999997e-02 -2.2957653388433286e-01
16 8.9999999999999997e-02 -2.2957653388433255e-01
17 8.9999999999999997e-02 -2.2957653388433263e-01
18 8.9999999999999997e-02 -2.2957653388433244e-01
19 8.9999999999999997e-02 -2.2957653388433305e-01
20 8.9999999999999997e-02 -2.2957653388433258e-01
1 1.0000000000000001e-01 -4.1918921058156033e-01
2 1.0000000000000001e-01 -4.1918921058156056e-01
3 1.0000000000000001e-01 -4.1918921058156067e-01
4 1.0000000000000001e-01 -4.1918921058156000e-01
5 1.0000000000000001e-01 -4.1918921058155989e-01
6 1.0000000000000001e-01 -4.1918921058156028e-01
7 1.0000000000000001e-01 -4.1918921058156050e-01
8 1.0000000000000001e-01 -4.1918921058155995e-01
9 1.0000000000000001e-01 -4.1918921058156056e-01
10 1.0000000000000001e-01 -4.1918921058156022e-01
11 1.0000000000000001e-01 -4.1918921058156039e-01
12 1.0000000000000001e-01 -4.1918921058156061e-01
13 1.0000000000000001e-01 -4.1918921058156000e-01
14 1.0000000000000001e-01 -4.1918921058155961e-01
15 1.0000000000000001e-01 -4.1918921058156045e-01
16 1.0000000000000001e-01 -4.1918921058156017e-01
17 1.0000000000000001e-01 -4.1918921058155978e-01
18 1.0000000000000001e-01 -4.1918921058156006e-01
19 1.0000000000000001e-01 -4.1918921058156000e-01
20 1.0000000000000001e-01 -4.1918921058156050e-01
1 1.1000000000000000e-01 -5.9210195182305247e-01
2 1.1000000000000000e-01 -5.9210195182305259e-01
3 1.1000000000000000e-01 -5.9210195182305281e-01
4 1.1000000000000000e-01 -5.9210195182305303e-01
5 1.1000000000000000e-01 -5.9210195182305325e-01
6 1.1000000000000000e-01 -5.9210195182305303e-01
7 1.1000000000000000e-01 -5.9210195182305259e-01
8 1.1000000000000000e-01 -5.9210195182305270e-01
9 1.1000000000000000e-01 -5.9210195182305270e-01
10 1.1000000000000000e-01 -5.9210195182305247e-01
11 1.1000000000000000e-01 -5.9210195182305281e-01
12 1.1000000000000000e-01 -5.9210195182305303e-01
13 1.1000000000000000e-01 -5.9210195182305325e-01
14 1.1000000000000000e-01 -5.9210195182305292e-01
15 1.1000000000000000e-01 -5.9210195182305381e-01
16 1.1000000000000000e-01 -5.9210195182305325e-01
17 1.1000000000000000e-01 -5.9210195182305314e-01
18 1.1000000000000000e-01 -5.9210195182305259e-01
19 1.1000000000000000e-01 -5.9210195182305314e-01
20 1.1000000000000000e-01 -5.9210195182305236e-01
1 1.2000000000000000e-01 -7.4129739842027254e-01
2 1.2000000000000000e-01 -7.4129739842027309e-01
3 1.2000000000000000e-01 -7.4129739842027287e-01
4 1.2000000000000000e-01 -7.4129739842027287e-01
5 1.2000000000000000e-01 -7.4129739842027276e-01
6 1.2000000000000000e-01 -7.4129739842027242e-01
7 1.2000000000000000e-01 -7.4129739842027287e-01
8 1.2000000000000000e-01 -7.4129739842027254e-01
9 1.2000000000000000e-01 -7.4129739842027298e-01
10 1.2000000000000000e-01 -7.4129739842027242e-01
11 1.2000000000000000e-01 -7.4129739842027298e-01
12 1.2000000000000000e-01 -7.4129739842027209e-01
13 1.2000000000000000e-01 -7.4129739842027331e-01
14 1.2000000000000000e-01 -7.4129739842027287e-01
15 1.2000000000000000e-01 -7.4129739842027320e-01
16 1.2000000000000000e-01 -7.4129739842027331e-01
17 1.2000000000000000e-01 -7.4129739842027376e-01
18 1.2000000000000000e-01 -7.4129739842027298e-01
19 1.2000000000000000e-01 -7.4129739842027320e-01
20 1.2000000000000000e-01 -7.4129739842027320e-01
1 1.3000000000000000e-01 -8.6066957741058125e-01
2 1.3000000000000000e-01 -8.6066957741058125e-01
3 1.3000000000000000e-01 -8.6066957741058092e-01
4 1.3000000000000000e-01 -8.6066957741058225e-01
5 1.3000000000000000e-01 -8.6066957741058148e-01
6 1.3000000000000000e-01 -8.6066957741058081e-01
7 1.3000000000000000e-01 -8.6066957741058203e-01
8 1.3000000000000000e-01 -8.6066957741058192e-01
9 1.3000000000000000e-01 -8.6066957741058114e-01
10 1.3000000000000000e-01 -8.6066957741058192e-01
11 1.3000000000000000e-01 -8.6066957741058081e-01
12 1.3000000000000000e-01 -8.6066957741058114e-01
13 1.3000000000000000e-01 -8.6066957741058103e-01
14 1.3000000000000000e-01 -8.6066957741058103e-01
15 1.3000000000000000e-01 -8.6066957741058092e-01
16 1.3000000000000000e-01 -8.6066957741058081e-01
17 1.3000000000000000e-01 -8.6066957741058192e-01
18 1.3000000000000000e-01 -8.6066957741058125e-01
19 1.3000000000000000e-01 -8.6066957741058225e-01
20 1.3000000000000000e-01 -8.6066957741058181e-01
1 1.4000000000000001e-01 -9.4527354578487832e-01
2 1.4000000000000001e-01 -9.4527354578487821e-01
3 1.4000000000000001e-01 -9.4527354578487810e-01
4 1.4000000000000001e-01 -9.4527354578487743e-01
5 1.4000000000000001e-01 -9.4527354578487754e-01
6 1.4000000000000001e-01 -9.4527354578487843e-01
7 1.4000000000000001e-01 -9.4527354578487721e-01
8 1.4000000000000001e-01 -9.4527354578487865e-01
9 1.4000000000000001e-01 -9.4527354578487843e-01
10 1.4000000000000001e-01 -9.4527354578487743e-01
11 1.4000000000000001e-01 -9.4527354578487743e-01
12 1.4000000000000001e-01 -9.4527354578487688e-01
13 1.4000000000000001e-01 -9.4527354578487888e-01
14 1.4000000000000001e-01 -9.4527354578487754e-01
15 1.4000000000000001e-01 -9.4527354578487766e-01
16 1.4000000000000001e-01 -9.4527354578487821e-01
17 1.4000000000000001e-01 -9.4527354578487710e-01
18 1.4000000000000001e-01 -9.4527354578487865e-01
19 1.4000000000000001e-01 -9.4527354578487832e-01
20 1.4000000000000001e-01 -9.4527354578487821e-01
1 1.4999999999999999e-01 -9.9153241549814308e-01
2 1.4999999999999999e-01 -9.9153241549814242e-01
3 1.4999999999999999e-01 -9.9153241549814231e-01
4 1.4999999999999999e-01 -9.9153241549814264e-01
5 1.4999999999999999e-01 -9.9153241549814253e-01
6 1.4999999999999999e-01 -9.9153241549814186e-01
7 1.4999999999999999e-01 -9.9153241549814208e-01
8 1.4999999999999999e-01 -9.9153241549814286e-01
9 1.4999999999999999e-01 -9.9153241549814219e-01
10 1.4999999999999999e-01 -9.9153241549814242e-01
11 1.4999999999999999e-01 -9.9153241549814142e-01
12 1.4999999999999999e-01 -9.9153241549814208e-01
13 1.4999999999999999e-01 -9.9153241549814097e-01
14 1.4999999999999999e-01 -9.9153241549814142e-01
15 1.4999999999999999e-01 -9.9153241549814197e-01
16 1.4999999999999999e-01 -9.9153241549814131e-01
17 1.4999999999999999e-01 -9.9153241549814319e-01
18 1.4999999999999999e-01 -9.9153241549814175e-01
19 1.4999999999999999e-01 -9.9153241549814308e-01
20 1.4999999999999999e-01 -9.9153241549814375e-01
1 1.6000000000000000e-01 -9.9739323983944828e-01
2 1.6000000000000000e-01 -9.9739323983944728e-01
3 1.6000000000000000e-01 -9.9739323983944683e-01
4 1.6000000000000000e-01 -9.9739323983944672e-01
5 1.6000000000000000e-01 -9.9739323983944850e-01
6 1.6000000000000000e-01 -9.9739323983944805e-01
7 1.6000000000000000e-01 -9.9739323983944705e-01
8 1.6000000000000000e-01 -9.9739323983944672e-01
9 1.6000000000000000e-01 -9.9739323983944717e-01
10 1.6000000000000000e-01 -9.9739323983944728e-01
11 1.6000000000000000e-01 -9.9739323983944761e-01
12 1.6000000000000000e-01 -9.9739323983944705e-01
13 1.6000000000000000e-01 -9.9739323983944761e-01
14 1.6000000000000000e-01 -9.9739323983944606e-01
15 1.6000000000000000e-01 -9.9739323983944650e-01
16 1.6000000000000000e-01 -9.9739323983944894e-01
17 1.6000000000000000e-01 -9.9739323983944672e-01
18 1.6000000000000000e-01 -9.9739323983944650e-01
19 1.6000000000000000e-01 -9.9739323983944694e-01
20 1.6000000000000000e-01 -9.9739323983944728e-01
1 1.7000000000000001e-01 -9.6242499967235540e-01
2 1.7000000000000001e-01 -9.6242499967235762e-01
3 1.7000000000000001e-01 -9.6242499967235773e-01
4 1.7000000000000001e-01 -9.6242499967235828e-01
5 1.7000000000000001e-01 -9.6242499967235495e-01
6 1.7000000000000001e-01 -9.6242499967235751e-01
7 1.7000000000000001e-01 -9.6242499967235662e-01
8 1.7000000000000001e-01 -9.6242499967235684e-01
9 1.7000000000000001e-01 -9.6242499967235728e-01
10 1.7000000000000001e-01 -9.6242499967235640e-01
11 1.7000000000000001e-01 -9.6242499967235695e-01
12 1.7000000000000001e-01 -9.6242499967235440e-01
13 1.7000000000000001e-01 -9.6242499967235884e-01
14 1.7000000000000001e-01 -9.6242499967235651e-01
15 1.7000000000000001e-01 -9.6242499967235606e-01
16 1.7000000000000001e-01 -9.6242499967235762e-01
17 1.7000000000000001e-01 -9.6242499967235717e-01
18 1.7000000000000001e-01 -9.6242499967235684e-01
19 1.7000000000000001e-01 -9.6242499967235728e-01
20 1.7000000000000001e-01 -9.6242499967235828e-01
1 1.7999999999999999e-01 -8.8785396687091767e-01
2 1.7999999999999999e-01 -8.8785396687091678e-01
3 1.7999999999999999e-01 -8.8785396687091678e-01
4 1.7999999999999999e-01 -8.8785396687091545e-01
5 1.7999999999999999e-01 -8.8785396687091689e-01
6 1.7999999999999999e-01 -8.8785396687091656e-01
7 1.7999999999999999e-01 -8.8785396687091345e-01
8 1.7999999999999999e-01 -8.8785396687091789e-01
9 1.7999999999999999e-01 -8.8785396687091755e-01
10 1.7999999999999999e-01 -8.8785396687091367e-01
11 1.7999999999999999e-01 -8.8785396687091489e-01
12 1.7999999999999999e-01 -8.8785396687091667e-01
13 1.7999999999999999e-01 -8.8785396687091533e-01
14 1.7999999999999999e-01 -8.8785396687091722e-01
15 1.7999999999999999e-01 -8.8785396687091644e-01
16 1.7999999999999999e-01 -8.8785396687091545e-01
17 1.7999999999999999e-01 -8.8785396687091589e-01
18 1.7999999999999999e-01 -8.8785396687091589e-01
19 1.7999999999999999e-01 -8.8785396687091644e-01
20 1.7999999999999999e-01 -8.8785396687091678e-01
1 1.9000000000000000e-01 -7.7653397771080823e-01
2 1.9000000000000000e-01 -7.7653397771081112e-01
3 1.9000000000000000e-01 -7.7653397771081079e-01
4 1.9000000000000000e-01 -7.7653397771081023e-01
5 1.9000000000000000e-01 -7.7653397771080868e-01
6 1.9000000000000000e-01 -7.7653397771081012e-01
7 1.9000000000000000e-01 -7.7653397771081067e-01
8 1.9000000000000000e-01 -7.7653397771080934e-01
9 1.9000000000000000e-01 -7.7653397771081023e-01
10 1.9000000000000000e-01 -7.7653397771081123e-01
11 1.9000000000000000e-01 -7.7653397771081045e-01
12 1.9000000000000000e-01 -7.7653397771080657e-01
13 1.9000000000000000e-01 -7.7653397771081178e-01
14 1.9000000000000000e-01 -7.7653397771080845e-01
15 1.9000000000000000e-01 -7.7653397771081401e-01
16 1.9000000000000000e-01 -7.7653397771081201e-01
17 1.9000000000000000e-01 -7.7653397771080890e-01
18 1.9000000000000000e-01 -7.7653397771080990e-01
19 1.9000000000000000e-01 -7.7653397771081134e-01
20 1.9000000000000000e-01 -7.7653397771081045e-01
1 2.0000000000000001e-01 -6.3285154829919366e-01
2 2.0000000000000001e-01 -6.3285154829919144e-01
3 2.0000000000000001e-01 -6.3285154829919232e-01
4 2.0000000000000001e-01 -6.3285154829919099e-01
5 2.0000000000000001e-01 -6.3285154829919477e-01
6 2.0000000000000001e-01 -6.3285154829919310e-01
7 2.0000000000000001e-01 -6.3285154829919299e-01
8 2.0000000000000001e-01 -6.3285154829919432e-01
9 2.0000000000000001e-01 -6.3285154829919144e-01
10 2.0000000000000001e-01 -6.3285154829919554e-01
11 2.0000000000000001e-01 -6.3285154829919454e-01
12 2.0000000000000001e-01 -6.3285154829919632e-01
13 2.0000000000000001e-01 -6.3285154829919243e-01
14 2.0000000000000001e-01 -6.3285154829919421e-01
15 2.0000000000000001e-01 -6.3285154829919466e-01
16 2.0000000000000001e-01 -6.3285154829919299e-01
17 2.0000000000000001e-01 -6.3285154829919110e-01
18 2.0000000000000001e-01 -6.3285154829918999e-01
19 2.0000000000000001e-01 -6.3285154829919588e-01
20 2.0000000000000001e-01 -6.3285154829919665e-01
1 2.0999999999999999e-01 -4.6256822761293753e-01
2 2.0999999999999999e-01 -4.6256822761293692e-01
3 2.0999999999999999e-01 -4.6256822761293631e-01
4 2.0999999999999999e-01 -4.6256822761293881e-01
5 2.0999999999999999e-01 -4.6256822761294059e-01
6 2.0999999999999999e-01 -4.6256822761293592e-01
7 2.0999999999999999e-01 -4.6256822761293681e-01
8 2.0999999999999999e-01 -4.6256822761293853e-01
9 2.0999999999999999e-01 -4.6256822761294009e-01
10 2.0999999999999999e-01 -4.6256822761293964e-01
11 2.0999999999999999e-01 -4.6256822761293759e-01
12 2.0999999999999999e-01 -4.6256822761293626e-01
13 2.0999999999999999e-01 -4.6256822761293859e-01
14 2.0999999999999999e-01 -4.6256822761293337e-01
15 2.0999999999999999e-01 -4.6256822761293892e-01
16 2.0999999999999999e-01 -4.6256822761293725e-01
17 2.0999999999999999e-01 -4.6256822761293143e-01
18 2.0999999999999999e-01 -4.6256822761293620e-01
19 2.0999999999999999e-01 -4.6256822761293853e-01
20 2.0999999999999999e-01 -4.6256822761293603e-01
1 2.2000000000000000e-01 -2.7260502689176186e-01
2 2.2000000000000000e-01 -2.7260502689176108e-01
3 2.2000000000000000e-01 -2.7260502689176380e-01
4 2.2000000000000000e-01 -2.7260502689176425e-01
5 2.2000000000000000e-01 -2.7260502689175797e-01
6 2.2000000000000000e-01 -2.7260502689175514e-01
7 2.2000000000000000e-01 -2.7260502689176308e-01
8 2.2000000000000000e-01 -2.7260502689175881e-01
9 2.2000000000000000e-01 -2.7260502689175603e-01
10 2.2000000000000000e-01 -2.7260502689176119e-01
11 2.2000000000000000e-01 -2.7260502689176486e-01
12 2.2000000000000000e-01 -2.7260502689175825e-01
13 2.2000000000000000e-01 -2.7260502689175736e-01
14 2.2000000000000000e-01 -2.7260502689176186e-01
15 2.2000000000000000e-01 -2.7260502689176586e-01
16 2.2000000000000000e-01 -2.7260502689176158e-01
17 2.2000000000000000e-01 -2.7260502689175914e-01
18 2.2000000000000000e-01 -2.7260502689176558e-01
19 2.2000000000000000e-01 -2.7260502689175886e-01
20 2.2000000000000000e-01 -2.7260502689176841e-01
1 2.3000000000000001e-01 -7.0776100263092889e-02
2 2.3000000000000001e-01 -7.0776100263095720e-02
3 2.3000000000000001e-01 -7.0776100263093389e-02
4 2.3000000000000001e-01 -7.0776100263094943e-02
5 2.3000000000000001e-01 -7.0776100263094402e-02
6 2.3000000000000001e-01 -7.0776100263097524e-02
7 2.3000000000000001e-01 -7.0776100263092737e-02
8 2.3000000000000001e-01 -7.0776100263090863e-02
9 2.3000000000000001e-01 -7.0776100263092473e-02
10 2.3000000000000001e-01 -7.0776100263091307e-02
11 2.3000000000000001e-01 -7.0776100263091127e-02
12 2.3000000000000001e-01 -7.0776100263096428e-02
13 2.3000000000000001e-01 -7.0776100263093014e-02
14 2.3000000000000001e-01 -7.0776100263097941e-02
15 2.3000000000000001e-01 -7.0776100263093097e-02
16 2.3000000000000001e-01 -7.0776100263087643e-02
17 2.3000000000000001e-01 -7.0776100263094888e-02
18 2.3000000000000001e-01 -7.0776100263096428e-02
19 2.3000000000000001e-01 -7.0776100263094929e-02
20 2.3000000000000001e-01 -7.0776100263093708e-02
1 2.3999999999999999e-01 1.3451900579013143e-01
2 2.3999999999999999e-01 1.3451900579013176e-01
3 2.3999999999999999e-01 1.3451900579013770e-01
4 2.3999999999999999e-01 1.3451900579013815e-01
5 2.3999999999999999e-01 1.3451900579013545e-01
6 2.3999999999999999e-01 1.3451900579012890e-01
7 2.3999999999999999e-01 1.3451900579013074e-01
8 2.3999999999999999e-01 1.3451900579014053e-01
9 2.3999999999999999e-01 1.3451900579013745e-01
10 2.3999999999999999e-01 1.3451900579013262e-01
11 2.3999999999999999e-01 1.3451900579012824e-01
12 2.3999999999999999e-01 1.3451900579013720e-01
13 2.3999999999999999e-01 1.3451900579013720e-01
14 2.3999999999999999e-01 1.3451900579013593e-01
15 2.3999999999999999e-01 1.3451900579013426e-01
16 2.3999999999999999e-01 1.3451900579014253e-01
17 2.3999999999999999e-01 1.3451900579013032e-01
18 2.3999999999999999e-01 1.3451900579013173e-01
19 2.3999999999999999e-01 1.3451900579013018e-01
20 2.3999999999999999e-01 1.3451900579013781e-01
1 2.5000000000000000e-01 3.3463335037231057e-01
2 2.5000000000000000e-01 3.3463335037231562e-01
3 2.5000000000000000e-01 3.3463335037230785e-01
4 2.5000000000000000e-01 3.3463335037231295e-01
5 2.5000000000000000e-01 3.3463335037231617e-01
6 2.5000000000000000e-01 3.3463335037232389e-01
7 2.5000000000000000e-01 3.3463335037230946e-01
8 2.5000000000000000e-01 3.3463335037231545e-01
9 2.5000000000000000e-01 3.3463335037230951e-01
10 2.5000000000000000e-01 3.3463335037231695e-01
11 2.5000000000000000e-01 3.3463335037231068e-01
12 2.5000000000000000e-01 3.3463335037231318e-01
13 2.5000000000000000e-01 3.3463335037231590e-01
14 2.5000000000000000e-01 3.3463335037230579e-01
15 2.5000000000000000e-01 3.3463335037231917e-01
16 2.5000000000000000e-01 3.3463335037231640e-01
17 2.5000000000000000e-01 3.3463335037231134e-01
18 2.5000000000000000e-01 3.3463335037231773e-01
19 2.5000000000000000e-01 3.3463335037231479e-01
20 2.5000000000000000e-01 3.3463335037232056e-01
1 2.6000000000000001e-01 5.2102814750391657e-01
2 2.6000000000000001e-01 5.2102814750391624e-01
3 2.6000000000000001e-01 5.2102814750391302e-01
4 2.6000000000000001e-01 5.2102814750392379e-01
5 2.6000000000000001e-01 5.2102814750392079e-01
6 2.6000000000000001e-01 5.2102814750392268e-01
7 2.6000000000000001e-01 5.2102814750392656e-01
8 2.6000000000000001e-01 5.2102814750391302e-01
9 2.6000000000000001e-01 5.2102814750391413e-01
10 2.6000000000000001e-01 5.2102814750392401e-01
11 2.6000000000000001e-01 5.2102814750392168e-01
12 2.6000000000000001e-01 5.2102814750392090e-01
13 2.6000000000000001e-01 5.2102814750392334e-01
14 2.6000000000000001e-01 5.2102814750392212e-01
15 2.6000000000000001e-01 5.2102814750391835e-01
16 2.6000000000000001e-01 5.2102814750392690e-01
17 2.6000000000000001e-01 5.2102814750392157e-01
18 2.6000000000000001e-01 5.2102814750392556e-01
19 2.6000000000000001e-01 5.2102814750391890e-01
20 2.6000000000000001e-01 5.2102814750391890e-01
1 2.7000000000000002e-01 6.8563208094196870e-01
2 2.7000000000000002e-01 6.8563208094196093e-01
3 2.7000000000000002e-01 6.8563208094197692e-01
4 2.7000000000000002e-01 6.8563208094196126e-01
5 2.7000000000000002e-01 6.8563208094196482e-01
6 2.7000000000000002e-01 6.8563208094195915e-01
7 2.7000000000000002e-01 6.8563208094196504e-01
8 2.7000000000000002e-01 6.8563208094196471e-01
9 2.7000000000000002e-01 6.8563208094195649e-01
10 2.7000000000000002e-01 6.8563208094196226e-01
11 2.7000000000000002e-01 6.8563208094196548e-01
12 2.7000000000000002e-01 6.8563208094195915e-01
13 2.7000000000000002e-01 6.8563208094195871e-01
14 2.7000000000000002e-01 6.8563208094198014e-01
15 2.7000000000000002e-01 6.8563208094197559e-01
16 2.7000000000000002e-01 6.8563208094197503e-01
17 2.7000000000000002e-01 6.8563208094195427e-01
18 2.7000000000000002e-01 6.8563208094196348e-01
19 2.7000000000000002e-01 6.8563208094196193e-01
20 2.7000000000000002e-01 6.8563208094196337e-01
1 2.8000000000000003e-01 8.2118998833460666e-01
2 2.8000000000000003e-01 8.2118998833459655e-01
3 2.8000000000000003e-01 8.2118998833460699e-01
4 2.8000000000000003e-01 8.2118998833460721e-01
5 2.8000000000000003e-01 8.2118998833459778e-01
6 2.8000000000000003e-01 8.2118998833459700e-01
7 2.8000000000000003e-01 8.2118998833459633e-01
8 2.8000000000000003e-01 8.2118998833459622e-01
9 2.8000000000000003e-01 8.2118998833458701e-01
10 2.8000000000000003e-01 8.2118998833460144e-01
11 2.8000000000000003e-01 8.2118998833461654e-01
12 2.8000000000000003e-01 8.2118998833459877e-01
13 2.8000000000000003e-01 8.2118998833459811e-01
14 2.8000000000000003e-01 8.2118998833458967e-01
15 2.8000000000000003e-01 8.2118998833459833e-01
16 2.8000000000000003e-01 8.2118998833459167e-01
17 2.8000000000000003e-01 8.2118998833459567e-01
18 2.8000000000000003e-01 8.2118998833460000e-01
19 2.8000000000000003e-01 8.2118998833460166e-01
20 2.8000000000000003e-01 8.2118998833458678e-01
1 2.8999999999999998e-01 9.2158643128678819e-01
2 2.8999999999999998e-01 9.2158643128680662e-01
3 2.8999999999999998e-01 9.2158643128679574e-01
4 2.8999999999999998e-01 9.2158643128679618e-01
5 2.8999999999999998e-01 9.2158643128679174e-01
6 2.8999999999999998e-01 9.2158643128678808e-01
7 2.8999999999999998e-01 9.2158643128680806e-01
8 2.8999999999999998e-01 9.2158643128681195e-01
9 2.8999999999999998e-01 9.2158643128680495e-01
10 2.8999999999999998e-01 9.2158643128679663e-01
11 2.8999999999999998e-01 9.2158643128680728e-01
12 2.8999999999999998e-01 9.2158643128680984e-01
13 2.8999999999999998e-01 9.2158643128679796e-01
14 2.8999999999999998e-01 9.2158643128679685e-01
15 2.8999999999999998e-01 9.2158643128680762e-01
16 2.8999999999999998e-01 9.2158643128678919e-01
17 2.8999999999999998e-01 9.2158643128679252e-01
18 2.8999999999999998e-01 9.2158643128678686e-01
19 2.8999999999999998e-01 9.2158643128681317e-01
20 2.8999999999999998e-01 9.2158643128678863e-01
1 2.9999999999999999e-01 9.8213013105489877e-01
2 2.9999999999999999e-01 9.8213013105489211e-01
3 2.9999999999999999e-01 9.8213013105489166e-01
4 2.9999999999999999e-01 9.8213013105487901e-01
5 2.9999999999999999e-01 9.8213013105491009e-01
6 2.9999999999999999e-01 9.8213013105487823e-01
7 2.9999999999999999e-01 9.8213013105488300e-01
8 2.9999999999999999e-01 9.8213013105489966e-01
9 2.9999999999999999e-01 9.8213013105488878e-01
10 2.9999999999999999e-01 9.8213013105489355e-01
11 2.9999999999999999e-01 9.8213013105488789e-01
12 2.9999999999999999e-01 9.8213013105490854e-01
13 2.9999999999999999e-01 9.8213013105489855e-01
14 2.9999999999999999e-01 9.8213013105487912e-01
15 2.9999999999999999e-01 9.8213013105488800e-01
16 2.9999999999999999e-01 9.8213013105490432e-01
17 2.9999999999999999e-01 9.8213013105488522e-01
18 2.9999999999999999e-01 9.8213013105486791e-01
19 2.9999999999999999e-01 9.8213013105487712e-01
20 2.9999999999999999e-01 9.8213013105488223e-01
1 3.1000000000000000e-01 9.9978627273781073e-01
2 3.1000000000000000e-01 9.9978627273780429e-01
3 3.1000000000000000e-01 9.9978627273779808e-01
4 3.1000000000000000e-01 9.9978627273777687e-01
5 3.1000000000000000e-01 9.9978627273780718e-01
6 3.1000000000000000e-01 9.9978627273780873e-01
7 3.1000000000000000e-01 9.9978627273777798e-01
8 3.1000000000000000e-01 9.9978627273780918e-01
9 3.1000000000000000e-01 9.9978627273777321e-01
10 3.1000000000000000e-01 9.9978627273782483e-01
11 3.1000000000000000e-01 9.9978627273779508e-01
12 3.1000000000000000e-01 9.9978627273777954e-01
13 3.1000000000000000e-01 9.9978627273777987e-01
14 3.1000000000000000e-01 9.9978627273780207e-01
15 3.1000000000000000e-01 9.9978627273780751e-01
16 3.1000000000000000e-01 9.9978627273778387e-01
17 3.1000000000000000e-01 9.9978627273779297e-01
18 3.1000000000000000e-01 9.9978627273781218e-01
19 3.1000000000000000e-01 9.9978627273779852e-01
20 3.1000000000000000e-01 9.9978627273779364e-01
1 3.2000000000000001e-01 9.7334525439781927e-01
2 3.2000000000000001e-01 9.7334525439782604e-01
3 3.2000000000000001e-01 9.7334525439781816e-01
4 3.2000000000000001e-01 9.7334525439782571e-01
5 3.2000000000000001e-01 9.7334525439779607e-01
6 3.2000000000000001e-01 9.7334525439785191e-01
7 3.2000000000000001e-01 9.7334525439783270e-01
8 3.2000000000000001e-01 9.7334525439785258e-01
9 3.2000000000000001e-01 9.7334525439782194e-01
10 3.2000000000000001e-01 9.7334525439784081e-01
11 3.2000000000000001e-01 9.7334525439783803e-01
12 3.2000000000000001e-01 9.7334525439781894e-01
13 3.2000000000000001e-01 9.7334525439781661e-01
14 3.2000000000000001e-01 9.7334525439781161e-01
15 3.2000000000000001e-01 9.7334525439781339e-01
16 3.2000000000000001e-01 9.7334525439781561e-01
17 3.2000000000000001e-01 9.7334525439782149e-01
18 3.2000000000000001e-01 9.7334525439781805e-01
19 3.2000000000000001e-01 9.7334525439784036e-01
20 3.2000000000000001e-01 9.7334525439781794e-01
1 3.3000000000000002e-01 9.0351855184361274e-01
2 3.3000000000000002e-01 9.0351855184360941e-01
3 3.3000000000000002e-01 9.0351855184359331e-01
4 3.3000000000000002e-01 9.0351855184355157e-01
5 3.3000000000000002e-01 9.0351855184357666e-01
6 3.3000000000000002e-01 9.0351855184359264e-01
7 3.3000000000000002e-01 9.0351855184356566e-01
8 3.3000000000000002e-01 9.0351855184360530e-01
9 3.3000000000000002e-01 9.0351855184361407e-01
10 3.3000000000000002e-01 9.0351855184359375e-01
11 3.3000000000000002e-01 9.0351855184358609e-01
12 3.3000000000000002e-01 9.0351855184358887e-01
13 3.3000000000000002e-01 9.0351855184359386e-01
14 3.3000000000000002e-01 9.0351855184361174e-01
15 3.3000000000000002e-01 9.0351855184359164e-01
16 3.3000000000000002e-01 9.0351855184357932e-01
17 3.3000000000000002e-01 9.0351855184359886e-01
18 3.3000000000000002e-01 9.0351855184358421e-01
19 3.3000000000000002e-01 9.0351855184356822e-01
20 3.3000000000000002e-01 9.0351855184357466e-01
1 3.4000000000000002e-01 7.9295493474713030e-01
2 3.4000000000000002e-01 7.9295493474712397e-01
3 3.4000000000000002e-01 7.9295493474708256e-01
4 3.4000000000000002e-01 7.9295493474710943e-01
5 3.4000000000000002e-01 7.9295493474709933e-01
6 3.4000000000000002e-01 7.9295493474706880e-01
7 3.4000000000000002e-01 7.9295493474710821e-01
8 3.4000000000000002e-01 7.9295493474710932e-01
9 3.4000000000000002e-01 7.9295493474709555e-01
10 3.4000000000000002e-01 7.9295493474710887e-01
11 3.4000000000000002e-01 7.9295493474711898e-01
12 3.4000000000000002e-01 7.9295493474710699e-01
13 3.4000000000000002e-01 7.9295493474708456e-01
14 3.4000000000000002e-01 7.9295493474708922e-01
15 3.4000000000000002e-01 7.9295493474711176e-01
16 3.4000000000000002e-01 7.9295493474710110e-01
17 3.4000000000000002e-01 7.9295493474712131e-01
18 3.4000000000000002e-01 7.9295493474711076e-01
19 3.4000000000000002e-01 7.9295493474708600e-01
20 3.4000000000000002e-01 7.9295493474710854e-01
1 3.4999999999999998e-01 6.4617323513547098e-01
2 3.4999999999999998e-01 6.4617323513550995e-01
3 3.4999999999999998e-01 6.4617323513548253e-01
4 3.4999999999999998e-01 6.4617323513545455e-01
5 3.4999999999999998e-01 6.4617323513551894e-01
6 3.4999999999999998e-01 6.4617323513551417e-01
7 3.4999999999999998e-01 6.4617323513553104e-01
8 3.4999999999999998e-01 6.4617323513545866e-01
9 3.4999999999999998e-01 6.4617323513554348e-01
10 3.4999999999999998e-01 6.4617323513548153e-01
11 3.4999999999999998e-01 6.4617323513547187e-01
12 3.4999999999999998e-01 6.4617323513550629e-01
13 3.4999999999999998e-01 6.4617323513546976e-01
14 3.4999999999999998e-01 6.4617323513547564e-01
15 3.4999999999999998e-01 6.4617323513550129e-01
16 3.4999999999999998e-01 6.4617323513546587e-01
17 3.4999999999999998e-01 6.4617323513551139e-01
18 3.4999999999999998e-01 6.4617323513552605e-01
19 3.4999999999999998e-01 6.4617323513546876e-01
20 3.4999999999999998e-01 6.4617323513548841e-01
1 3.5999999999999999e-01 4.6941114571817394e-01
2 3.5999999999999999e-01 4.6941114571820913e-01
3 3.5999999999999999e-01 4.6941114571827969e-01
4 3.5999999999999999e-01 4.6941114571819959e-01
5 3.5999999999999999e-01 4.6941114571822967e-01
6 3.5999999999999999e-01 4.6941114571824571e-01
7 3.5999999999999999e-01 4.6941114571812764e-01
8 3.5999999999999999e-01 4.6941114571815712e-01
9 3.5999999999999999e-01 4.6941114571824177e-01
10 3.5999999999999999e-01 4.6941114571821591e-01
11 3.5999999999999999e-01 4.6941114571828135e-01
12 3.5999999999999999e-01 4.6941114571814291e-01
13 3.5999999999999999e-01 4.6941114571823195e-01
14 3.5999999999999999e-01 4.6941114571819281e-01
15 3.5999999999999999e-01 4.6941114571823445e-01
16 3.5999999999999999e-01 4.6941114571818893e-01
17 3.5999999999999999e-01 4.6941114571817022e-01
18 3.5999999999999999e-01 4.6941114571821940e-01
19 3.5999999999999999e-01 4.6941114571821208e-01
20 3.5999999999999999e-01 4.6941114571815373e-01
1 3.7000000000000000e-01 2.7039300609098921e-01
2 3.7000000000000000e-01 2.7039300609103056e-01
3 3.7000000000000000e-01 2.7039300609108979e-01
4 3.7000000000000000e-01 2.7039300609100952e-01
5 3.7000000000000000e-01 2.7039300609097044e-01
6 3.7000000000000000e-01 2.7039300609102918e-01
7 3.7000000000000000e-01 2.7039300609099104e-01
8 3.7000000000000000e-01 2.7039300609098993e-01
9 3.7000000000000000e-01 2.7039300609103262e-01
10 3.7000000000000000e-01 2.7039300609102790e-01
11 3.7000000000000000e-01 2.7039300609105649e-01
12 3.7000000000000000e-01 2.7039300609100630e-01
13 3.7000000000000000e-01 2.7039300609106293e-01
14 3.7000000000000000e-01 2.7039300609102362e-01
15 3.7000000000000000e-01 2.7039300609104350e-01
16 3.7000000000000000e-01 2.7039300609098627e-01
17 3.7000000000000000e-01 2.7039300609099814e-01
18 3.7000000000000000e-01 2.7039300609098060e-01
19 3.7000000000000000e-01 2.7039300609108663e-01
20 3.7000000000000000e-01 2.7039300609090899e-01
1 3.8000000000000000e-01 5.8023097533175957e-02
2 3.8000000000000000e-01 5.8023097533191181e-02
3 3.8000000000000000e-01 5.8023097533170885e-02
4 3.8000000000000000e-01 5.8023097533126324e-02
5 3.8000000000000000e-01 5.8023097533181703e-02
6 3.8000000000000000e-01 5.8023097533139251e-02
7 3.8000000000000000e-01 5.8023097533218305e-02
8 3.8000000000000000e-01 5.8023097533246588e-02
9 3.8000000000000000e-01 5.8023097533142561e-02
10 3.8000000000000000e-01 5.8023097533121112e-02
11 3.8000000000000000e-01 5.8023097533231816e-02
12 3.8000000000000000e-01 5.8023097533146939e-02
13 3.8000000000000000e-01 5.8023097533226306e-02
14 3.8000000000000000e-01 5.8023097533115006e-02
15 3.8000000000000000e-01 5.8023097533079541e-02
16 3.8000000000000000e-01 5.8023097533223968e-02
17 3.8000000000000000e-01 5.8023097533105750e-02
18 3.8000000000000000e-01 5.8023097533236055e-02
19 3.8000000000000000e-01 5.8023097533170830e-02
20 3.8000000000000000e-01 5.8023097533082935e-02
1 3.9000000000000001e-01 -1.5798552229732432e-01
2 3.9000000000000001e-01 -1.5798552229726626e-01
3 3.9000000000000001e-01 -1.5798552229712207e-01
4 3.9000000000000001e-01 -1.5798552229725582e-01
5 3.9000000000000001e-01 -1.5798552229723142e-01
6 3.9000000000000001e-01 -1.5798552229721399e-01
7 3.9000000000000001e-01 -1.5798552229723478e-01
8 3.9000000000000001e-01 -1.5798552229722837e-01
9 3.9000000000000001e-01 -1.5798552229723919e-01
10 3.9000000000000001e-01 -1.5798552229725754e-01
11 3.9000000000000001e-01 -1.5798552229717322e-01
12 3.9000000000000001e-01 -1.5798552229728072e-01
13 3.9000000000000001e-01 -1.5798552229732316e-01
14 3.9000000000000001e-01 -1.5798552229728657e-01
15 3.9000000000000001e-01 -1.5798552229721941e-01
16 3.9000000000000001e-01 -1.5798552229728402e-01
17 3.9000000000000001e-01 -1.5798552229723178e-01
18 3.9000000000000001e-01 -1.5798552229717325e-01
19 3.9000000000000001e-01 -1.5798552229723861e-01
20 3.9000000000000001e-01 -1.5798552229726368e-01
1 4.0000000000000002e-01 -3.6753329754722835e-01
2 4.0000000000000002e-01 -3.6753329754721192e-01
3 4.0000000000000002e-01 -3.6753329754724900e-01
4 4.0000000000000002e-01 -3.6753329754718667e-01
5 4.0000000000000002e-01 -3.6753329754712061e-01
6 4.0000000000000002e-01 -3.6753329754725572e-01
7 4.0000000000000002e-01 -3.6753329754723363e-01
8 4.0000000000000002e-01 -3.6753329754722891e-01
9 4.0000000000000002e-01 -3.6753329754728292e-01
10 4.0000000000000002e-01 -3.6753329754708414e-01
11 4.0000000000000002e-01 -3.6753329754718506e-01
12 4.0000000000000002e-01 -3.6753329754728792e-01
13 4.0000000000000002e-01 -3.6753329754737835e-01
14 4.0000000000000002e-01 -3.6753329754712943e-01
15 4.0000000000000002e-01 -3.6753329754708469e-01
16 4.0000000000000002e-01 -3.6753329754708941e-01
17 4.0000000000000002e-01 -3.6753329754718811e-01
18 4.0000000000000002e-01 -3.6753329754719694e-01
19 4.0000000000000002e-01 -3.6753329754737074e-01
20 4.0000000000000002e-01 -3.6753329754728031e-01
1 4.0999999999999998e-01 -5.6059124339153854e-01
2 4.0999999999999998e-01 -5.6059124339168720e-01
3 4.0999999999999998e-01 -5.6059124339150479e-01
4 4.0999999999999998e-01 -5.6059124339169619e-01
5 4.0999999999999998e-01 -5.6059124339169220e-01
6 4.0999999999999998e-01 -5.6059124339159827e-01
7 4.0999999999999998e-01 -5.6059124339167210e-01
8 4.0999999999999998e-01 -5.6059124339172628e-01
9 4.0999999999999998e-01 -5.6059124339149924e-01
10 4.0999999999999998e-01 -5.6059124339164612e-01
11 4.0999999999999998e-01 -5.6059124339163047e-01
12 4.0999999999999998e-01 -5.6059124339160682e-01
13 4.0999999999999998e-01 -5.6059124339169941e-01
14 4.0999999999999998e-01 -5.6059124339161615e-01
15 4.0999999999999998e-01 -5.6059124339159094e-01
16 4.0999999999999998e-01 -5.6059124339146504e-01
17 4.0999999999999998e-01 -5.6059124339156419e-01
18 4.0999999999999998e-01 -5.6059124339166133e-01
19 4.0999999999999998e-01 -5.6059124339162492e-01
20 4.0999999999999998e-01 -5.6059124339157895e-01
1 4.1999999999999998e-01 -7.2767399689354939e-01
2 4.1999999999999998e-01 -7.2767399689362267e-01
3 4.1999999999999998e-01 -7.2767399689371481e-01
4 4.1999999999999998e-01 -7.2767399689350254e-01
5 4.1999999999999998e-01 -7.2767399689364010e-01
6 4.1999999999999998e-01 -7.2767399689354773e-01
7 4.1999999999999998e-01 -7.2767399689370060e-01
8 4.1999999999999998e-01 -7.2767399689359458e-01
9 4.1999999999999998e-01 -7.2767399689361167e-01
10 4.1999999999999998e-01 -7.2767399689354439e-01
11 4.1999999999999998e-01 -7.2767399689355317e-01
12 4.1999999999999998e-01 -7.2767399689340717e-01
13 4.1999999999999998e-01 -7.2767399689353818e-01
14 4.1999999999999998e-01 -7.2767399689348333e-01
15 4.1999999999999998e-01 -7.2767399689372725e-01
16 4.1999999999999998e-01 -7.2767399689361356e-01
17 4.1999999999999998e-01 -7.2767399689362489e-01
18 4.1999999999999998e-01 -7.2767399689324685e-01
19 4.1999999999999998e-01 -7.2767399689372148e-01
20 4.1999999999999998e-01 -7.2767399689356727e-01
1 4.2999999999999999e-01 -8.6030817910704782e-01
2 4.2999999999999999e-01 -8.6030817910719748e-01
3 4.2999999999999999e-01 -8.6030817910720991e-01
4 4.2999999999999999e-01 -8.6030817910718116e-01
5 4.2999999999999999e-01 -8.6030817910717905e-01
6 4.2999999999999999e-01 -8.6030817910709190e-01
7 4.2999999999999999e-01 -8.6030817910717750e-01
8 4.2999999999999999e-01 -8.6030817910731439e-01
9 4.2999999999999999e-01 -8.6030817910696089e-01
10 4.2999999999999999e-01 -8.6030817910713997e-01
11 4.2999999999999999e-01 -8.6030817910703949e-01
12 4.2999999999999999e-01 -8.6030817910709878e-01
13 4.2999999999999999e-01 -8.6030817910732060e-01
14 4.2999999999999999e-01 -8.6030817910727575e-01
15 4.2999999999999999e-01 -8.6030817910733537e-01
16 4.2999999999999999e-01 -8.6030817910711488e-01
17 4.2999999999999999e-01 -8.6030817910712776e-01
18 4.2999999999999999e-01 -8.6030817910714252e-01
19 4.2999999999999999e-01 -8.6030817910716817e-01
20 4.2999999999999999e-01 -8.6030817910710056e-01
1 4.4000000000000000e-01 -9.5147429110634330e-01
2 4.4000000000000000e-01 -9.5147429110639847e-01
3 4.4000000000000000e-01 -9.5147429110639825e-01
4 4.4000000000000000e-01 -9.5147429110655901e-01
5 4.4000000000000000e-01 -9.5147429110654735e-01
6 4.4000000000000000e-01 -9.5147429110659765e-01
7 4.4000000000000000e-01 -9.5147429110630655e-01
8 4.4000000000000000e-01 -9.5147429110670201e-01
9 4.4000000000000000e-01 -9.5147429110643544e-01
10 4.4000000000000000e-01 -9.5147429110630921e-01
11 4.4000000000000000e-01 -9.5147429110631554e-01
12 4.4000000000000000e-01 -9.5147429110632764e-01
13 4.4000000000000000e-01 -9.5147429110684489e-01
14 4.4000000000000000e-01 -9.5147429110671033e-01
15 4.4000000000000000e-01 -9.5147429110639836e-01
16 4.4000000000000000e-01 -9.5147429110629311e-01
17 4.4000000000000000e-01 -9.5147429110645765e-01
18 4.4000000000000000e-01 -9.5147429110642978e-01
19 4.4000000000000000e-01 -9.5147429110668658e-01
20 4.4000000000000000e-01 -9.5147429110657866e-01
1 4.5000000000000001e-01 -9.9600012334046950e-01
2 4.5000000000000001e-01 -9.9600012334058252e-01
3 4.5000000000000001e-01 -9.9600012334031363e-01
4 4.5000000000000001e-01 -9.9600012334031829e-01
5 4.5000000000000001e-01 -9.9600012334060839e-01
6 4.5000000000000001e-01 -9.9600012334071997e-01
7 4.5000000000000001e-01 -9.9600012334036647e-01
8 4.5000000000000001e-01 -9.9600012334044430e-01
9 4.5000000000000001e-01 -9.9600012334048316e-01
10 4.5000000000000001e-01 -9.9600012334064558e-01
11 4.5000000000000001e-01 -9.9600012334042887e-01
12 4.5000000000000001e-01 -9.9600012334054733e-01
13 4.5000000000000001e-01 -9.9600012334081212e-01
14 4.5000000000000001e-01 -9.9600012334052967e-01
15 4.5000000000000001e-01 -9.9600012334072963e-01
16 4.5000000000000001e-01 -9.9600012334055532e-01
17 4.5000000000000001e-01 -9.9600012334052801e-01
18 4.5000000000000001e-01 -9.9600012334039678e-01
19 4.5000000000000001e-01 -9.9600012334055654e-01
20 4.5000000000000001e-01 -9.9600012334075461e-01
1 4.6000000000000002e-01 -9.9088436366534394e-01
2 4.6000000000000002e-01 -9.9088436366515331e-01
3 4.6000000000000002e-01 -9.9088436366503063e-01
4 4.6000000000000002e-01 -9.9088436366483190e-01
5 4.6000000000000002e-01 -9.9088436366473742e-01
6 4.6000000000000002e-01 -9.9088436366487931e-01
7 4.6000000000000002e-01 -9.9088436366524779e-01
8 4.6000000000000002e-01 -9.9088436366512922e-01
9 4.6000000000000002e-01 -9.9088436366461163e-01
10 4.6000000000000002e-01 -9.9088436366539057e-01
11 4.6000000000000002e-01 -9.9088436366546706e-01
12 4.6000000000000002e-01 -9.9088436366530441e-01
13 4.6000000000000002e-01 -9.9088436366539034e-01
14 4.6000000000000002e-01 -9.9088436366525434e-01
15 4.6000000000000002e-01 -9.9088436366490618e-01
16 4.6000000000000002e-01 -9.9088436366516719e-01
17 4.6000000000000002e-01 -9.9088436366515287e-01
18 4.6000000000000002e-01 -9.9088436366504540e-01
19 4.6000000000000002e-01 -9.9088436366493360e-01
20 4.6000000000000002e-01 -9.9088436366491162e-01
1 4.6999999999999997e-01 -9.3553080037161884e-01
2 4.6999999999999997e-01 -9.3553080037163661e-01
3 4.6999999999999997e-01 -9.3553080037149183e-01
4 4.6999999999999997e-01 -9.3553080037135505e-01
5 4.6999999999999997e-01 -9.3553080037137382e-01
6 4.6999999999999997e-01 -9.3553080037116032e-01
7 4.6999999999999997e-01 -9.3553080037144432e-01
8 4.6999999999999997e-01 -9.3553080037114811e-01
9 4.6999999999999997e-01 -9.3553080037127645e-01
10 4.6999999999999997e-01 -9.3553080037152481e-01
11 4.6999999999999997e-01 -9.3553080037084724e-01
12 4.6999999999999997e-01 -9.3553080037140823e-01
13 4.6999999999999997e-01 -9.3553080037159542e-01
14 4.6999999999999997e-01 -9.3553080037164071e-01
15 4.6999999999999997e-01 -9.3553080037143099e-01
16 4.6999999999999997e-01 -9.3553080037142267e-01
17 4.6999999999999997e-01 -9.3553080037153769e-01
18 4.6999999999999997e-01 -9.3553080037135694e-01
19 4.6999999999999997e-01 -9.3553080037142444e-01
20 4.6999999999999997e-01 -9.3553080037173331e-01
1 4.7999999999999998e-01 -8.3187625295340084e-01
2 4.7999999999999998e-01 -8.3187625295313117e-01
3 4.7999999999999998e-01 -8.3187625295326495e-01
4 4.7999999999999998e-01 -8.3187625295363055e-01
5 4.7999999999999998e-01 -8.3187625295346812e-01
6 4.7999999999999998e-01 -8.3187625295382028e-01
7 4.7999999999999998e-01 -8.3187625295353906e-01
8 4.7999999999999998e-01 -8.3187625295345669e-01
9 4.7999999999999998e-01 -8.3187625295348711e-01
10 4.7999999999999998e-01 -8.3187625295396062e-01
11 4.7999999999999998e-01 -8.3187625295344991e-01
12 4.7999999999999998e-01 -8.3187625295353351e-01
13 4.7999999999999998e-01 -8.3187625295383871e-01
14 4.7999999999999998e-01 -8.3187625295357404e-01
15 4.7999999999999998e-01 -8.3187625295340872e-01
16 4.7999999999999998e-01 -8.3187625295322465e-01
17 4.7999999999999998e-01 -8.3187625295347012e-01
18 4.7999999999999998e-01 -8.3187625295320589e-01
19 4.7999999999999998e-01 -8.3187625295358059e-01
20 4.7999999999999998e-01 -8.3187625295350143e-01
1 4.8999999999999999e-01 -6.8439910537514648e-01
2 4.8999999999999999e-01 -6.8439910537467485e-01
3 4.8999999999999999e-01 -6.8439910537476278e-01
4 4.8999999999999999e-01 -6.8439910537484849e-01
5 4.8999999999999999e-01 -6.8439910537540649e-01
6 4.8999999999999999e-01 -6.8439910537574800e-01
7 4.8999999999999999e-01 -6.8439910537551518e-01
8 4.8999999999999999e-01 -6.8439910537504933e-01
9 4.8999999999999999e-01 -6.8439910537557380e-01
10 4.8999999999999999e-01 -6.8439910537491122e-01
11 4.8999999999999999e-01 -6.8439910537490622e-01
12 4.8999999999999999e-01 -6.8439910537539250e-01
13 4.8999999999999999e-01 -6.8439910537499837e-01
14 4.8999999999999999e-01 -6.8439910537483317e-01
15 4.8999999999999999e-01 -6.8439910537455273e-01
16 4.8999999999999999e-01 -6.8439910537457349e-01
17 4.8999999999999999e-01 -6.8439910537548709e-01
18 4.8999999999999999e-01 -6.8439910537512871e-01
19 4.8999999999999999e-01 -6.8439910537471949e-01
20 4.8999999999999999e-01 -6.8439910537474069e-01
1 5.0000000000000000e-01 -4.9999999999931982e-01
2 5.0000000000000000e-01 -4.9999999999978145e-01
3 5.0000000000000000e-01 -5.0000000000083278e-01
4 5.0000000000000000e-01 -4.9999999999952127e-01
5 5.0000000000000000e-01 -4.9999999999972694e-01
6 5.0000000000000000e-01 -5.0000000000014888e-01
7 5.0000000000000000e-01 -5.0000000000066702e-01
8 5.0000000000000000e-01 -5.0000000000044809e-01
9 5.0000000000000000e-01 -4.9999999999957168e-01
10 5.0000000000000000e-01 -4.9999999999992695e-01
11 5.0000000000000000e-01 -5.0000000000057032e-01
12 5.0000000000000000e-01 -4.9999999999990824e-01
13 5.0000000000000000e-01 -5.0000000000023526e-01
14 5.0000000000000000e-01 -4.9999999999991385e-01
15 5.0000000000000000e-01 -5.0000000000003098e-01
16 5.0000000000000000e-01 -4.9999999999952466e-01
17 5.0000000000000000e-01 -4.9999999999997191e-01
18 5.0000000000000000e-01 -5.0000000000033851e-01
19 5.0000000000000000e-01 -4.9999999999966893e-01
20 5.0000000000000000e-01 -4.9999999999995876e-01
1 5.1000000000000001e-01 -2.8775176344996251e-01
2 5.1000000000000001e-01 -2.8775176344890985e-01
3 5.1000000000000001e-01 -2.8775176344890013e-01
4 5.1000000000000001e-01 -2.8775176344952369e-01
5 5.1000000000000001e-01 -2.8775176344860864e-01
6 5.1000000000000001e-01 -2.8775176344954306e-01
7 5.1000000000000001e-01 -2.8775176345047376e-01
8 5.1000000000000001e-01 -2.8775176344917230e-01
9 5.1000000000000001e-01 -2.8775176344870568e-01
10 5.1000000000000001e-01 -2.8775176345035824e-01
11 5.1000000000000001e-01 -2.8775176344873465e-01
12 5.1000000000000001e-01 -2.8775176344957254e-01
13 5.1000000000000001e-01 -2.8775176344819031e-01
14 5.1000000000000001e-01 -2.8775176344898074e-01
15 5.1000000000000001e-01 -2.8775176344874509e-01
16 5.1000000000000001e-01 -2.8775176344854675e-01
17 5.1000000000000001e-01 -2.8775176344920284e-01
18 5.1000000000000001e-01 -2.8775176344968451e-01
19 5.1000000000000001e-01 -2.8775176344823672e-01
20 5.1000000000000001e-01 -2.8775176344816528e-01
1 5.2000000000000002e-01 -5.8521817775468103e-02
2 5.2000000000000002e-01 -5.8521817774184810e-02
3 5.2000000000000002e-01 -5.8521817773497409e-02
4 5.2000000000000002e-01 -5.8521817774607715e-02
5 5.2000000000000002e-01 -5.8521817774699017e-02
6 5.2000000000000002e-01 -5.8521817774364875e-02
7 5.2000000000000002e-01 -5.8521817775218962e-02
8 5.2000000000000002e-01 -5.8521817775382200e-02
9 5.2000000000000002e-01 -5.8521817774697511e-02
10 5.2000000000000002e-01 -5.8521817774312958e-02
11 5.2000000000000002e-01 -5.8521817774645157e-02
12 5.2000000000000002e-01 -5.8521817774585400e-02
13 5.2000000000000002e-01 -5.8521817774520188e-02
14 5.2000000000000002e-01 -5.8521817774458106e-02
15 5.2000000000000002e-01 -5.8521817774616222e-02
16 5.2000000000000002e-01 -5.8521817773669910e-02
17 5.2000000000000002e-01 -5.8521817773804503e-02
18 5.2000000000000002e-01 -5.8521817773665039e-02
19 5.2000000000000002e-01 -5.8521817774543045e-02
20 5.2000000000000002e-01 -5.8521817774634763e-02
1 5.3000000000000003e-01 1.7552302837095238e-01
2 5.3000000000000003e-01 1.7552302837179087e-01
3 5.3000000000000003e-01 1.7552302837206624e-01
4 5.3000000000000003e-01 1.7552302837100278e-01
5 5.3000000000000003e-01 1.7552302837287298e-01
6 5.3000000000000003e-01 1.7552302837054015e-01
7 5.3000000000000003e-01 1.7552302837061298e-01
8 5.3000000000000003e-01 1.7552302837084663e-01
9 5.3000000000000003e-01 1.7552302837146797e-01
10 5.3000000000000003e-01 1.7552302837119843e-01
11 5.3000000000000003e-01 1.7552302837149886e-01
12 5.3000000000000003e-01 1.7552302837132494e-01
13 5.3000000000000003e-01 1.7552302837169922e-01
14 5.3000000000000003e-01 1.7552302837104986e-01
15 5.3000000000000003e-01 1.7552302837222900e-01
16 5.3000000000000003e-01 1.7552302837285849e-01
17 5.3000000000000003e-01 1.7552302837125247e-01
18 5.3000000000000003e-01 1.7552302837235706e-01
19 5.3000000000000003e-01 1.7552302837118480e-01
20 5.3000000000000003e-01 1.7552302837118733e-01
1 5.4000000000000004e-01 4.0151267043783101e-01
2 5.4000000000000004e-01 4.0151267043850436e-01
3 5.4000000000000004e-01 4.0151267043958422e-01
4 5.4000000000000004e-01 4.0151267043872851e-01
5 5.4000000000000004e-01 4.0151267043825906e-01
6 5.4000000000000004e-01 4.0151267043867411e-01
7 5.4000000000000004e-01 4.0151267043735267e-01
8 5.4000000000000004e-01 4.0151267043697869e-01
9 5.4000000000000004e-01 4.0151267043863931e-01
10 5.4000000000000004e-01 4.0151267044063649e-01
11 5.4000000000000004e-01 4.0151267043934386e-01
12 5.4000000000000004e-01 4.0151267043835120e-01
13 5.4000000000000004e-01 4.0151267043970373e-01
14 5.4000000000000004e-01 4.0151267043868472e-01
15 5.4000000000000004e-01 4.0151267043942190e-01
16 5.4000000000000004e-01 4.0151267043842648e-01
17 5.4000000000000004e-01 4.0151267043599254e-01
18 5.4000000000000004e-01 4.0151267043862887e-01
19 5.4000000000000004e-01 4.0151267043878880e-01
20 5.4000000000000004e-01 4.0151267043856598e-01
1 5.5000000000000004e-01 6.0654719707696558e-01
2 5.5000000000000004e-01 6.0654719707874172e-01
3 5.5000000000000004e-01 6.0654719707562477e-01
4 5.5000000000000004e-01 6.0654719707898719e-01
5 5.5000000000000004e-01 6.0654719707884097e-01
6 5.5000000000000004e-01 6.0654719707674387e-01
7 5.5000000000000004e-01 6.0654719707899485e-01
8 5.5000000000000004e-01 6.0654719707664606e-01
9 5.5000000000000004e-01 6.0654719707685167e-01
10 5.5000000000000004e-01 6.0654719707549398e-01
11 5.5000000000000004e-01 6.0654719707870408e-01
12 5.5000000000000004e-01 6.0654719707905458e-01
13 5.5000000000000004e-01 6.0654719707741978e-01
14 5.5000000000000004e-01 6.0654719707658089e-01
15 5.5000000000000004e-01 6.0654719707898541e-01
16 5.5000000000000004e-01 6.0654719707750804e-01
17 5.5000000000000004e-01 6.0654719707844529e-01
18 5.5000000000000004e-01 6.0654719707779259e-01
19 5.5000000000000004e-01 6.0654719707590865e-01
20 5.5000000000000004e-01 6.0654719707786175e-01
1 5.6000000000000005e-01 7.7841798388509331e-01
2 5.6000000000000005e-01 7.7841798388604766e-01
3 5.6000000000000005e-01 7.7841798388501715e-01
4 5.6000000000000005e-01 7.7841798388589145e-01
5 5.6000000000000005e-01 7.7841798388741668e-01
6 5.6000000000000005e-01 7.7841798388650330e-01
7 5.6000000000000005e-01 7.7841798388612260e-01
8 5.6000000000000005e-01 7.7841798388841799e-01
9 5.6000000000000005e-01 7.7841798388815087e-01
10 5.6000000000000005e-01 7.7841798388541794e-01
11 5.6000000000000005e-01 7.7841798388857053e-01
12 5.6000000000000005e-01 7.7841798388742978e-01
13 5.6000000000000005e-01 7.7841798388838634e-01
14 5.6000000000000005e-01 7.7841798388665029e-01
15 5.6000000000000005e-01 7.7841798388733630e-01
16 5.6000000000000005e-01 7.7841798388880745e-01
17 5.6000000000000005e-01 7.7841798388864958e-01
18 5.6000000000000005e-01 7.7841798388727257e-01
19 5.6000000000000005e-01 7.7841798388567762e-01
20 5.6000000000000005e-01 7.7841798388900818e-01
1 5.6999999999999995e-01 9.0634108776531985e-01
2 5.6999999999999995e-01 9.0634108776529509e-01
3 5.6999999999999995e-01 9.0634108776501954e-01
4 5.6999999999999995e-01 9.0634108776764211e-01
5 5.6999999999999995e-01 9.0634108776689903e-01
6 5.6999999999999995e-01 9.0634108776642774e-01
7 5.6999999999999995e-01 9.0634108776562206e-01
8 5.6999999999999995e-01 9.0634108776828970e-01
9 5.6999999999999995e-01 9.0634108776935352e-01
10 5.6999999999999995e-01 9.0634108776814193e-01
11 5.6999999999999995e-01 9.0634108776970923e-01
12 5.6999999999999995e-01 9.0634108776799349e-01
13 5.6999999999999995e-01 9.0634108776852518e-01
14 5.6999999999999995e-01 9.0634108776744648e-01
15 5.6999999999999995e-01 9.0634108776719946e-01
16 5.6999999999999995e-01 9.0634108776750844e-01
17 5.6999999999999995e-01 9.0634108776587907e-01
18 5.6999999999999995e-01 9.0634108776926703e-01
19 5.6999999999999995e-01 9.0634108776843825e-01
20 5.6999999999999995e-01 9.0634108776662781e-01
1 5.7999999999999996e-01 9.8166330826338999e-01
2 5.7999999999999996e-01 9.8166330826760684e-01
3 5.7999999999999996e-01 9.8166330826557213e-01
4 5.7999999999999996e-01 9.8166330826909476e-01
5 5.7999999999999996e-01 9.8166330827030035e-01
6 5.7999999999999996e-01 9.8166330826777015e-01
7 5.7999999999999996e-01 9.8166330827029802e-01
8 5.7999999999999996e-01 9.8166330826528647e-01
9 5.7999999999999996e-01 9.8166330826674297e-01
10 5.7999999999999996e-01 9.8166330826989612e-01
11 5.7999999999999996e-01 9.8166330826742731e-01
12 5.7999999999999996e-01 9.8166330826691128e-01
13 5.7999999999999996e-01 9.8166330826665249e-01
14 5.7999999999999996e-01 9.8166330827026060e-01
15 5.7999999999999996e-01 9.8166330826651149e-01
16 5.7999999999999996e-01 9.8166330826923298e-01
17 5.7999999999999996e-01 9.8166330826741988e-01
18 5.7999999999999996e-01 9.8166330826545123e-01
19 5.7999999999999996e-01 9.8166330826846415e-01
20 5.7999999999999996e-01 9.8166330826663128e-01
1 5.8999999999999997e-01 9.9849851604967588e-01
2 5.8999999999999997e-01 9.9849851604682549e-01
3 5.8999999999999997e-01 9.9849851604896511e-01
4 5.8999999999999997e-01 9.9849851604617101e-01
5 5.8999999999999997e-01 9.9849851604275197e-01
6 5.8999999999999997e-01 9.9849851604748285e-01
7 5.8999999999999997e-01 9.9849851604582274e-01
8 5.8999999999999997e-01 9.9849851604674333e-01
9 5.8999999999999997e-01 9.9849851604529538e-01
10 5.8999999999999997e-01 9.9849851604771234e-01
11 5.8999999999999997e-01 9.9849851604895157e-01
12 5.8999999999999997e-01 9.9849851605218620e-01
13 5.8999999999999997e-01 9.9849851604696360e-01
14 5.8999999999999997e-01 9.9849851604916817e-01
15 5.8999999999999997e-01 9.9849851604845208e-01
16 5.8999999999999997e-01 9.9849851604954631e-01
17 5.8999999999999997e-01 9.9849851604772644e-01
18 5.8999999999999997e-01 9.9849851604732298e-01
19 5.8999999999999997e-01 9.9849851605134798e-01
20 5.8999999999999997e-01 9.9849851605177598e-01
1 5.9999999999999998e-01 9.5425101213819685e-01
2 5.9999999999999998e-01 9.5425101213774577e-01
3 5.9999999999999998e-01 9.5425101213976016e-01
4 5.9999999999999998e-01 9.5425101213716967e-01
5 5.9999999999999998e-01 9.5425101214153041e-01
6 5.9999999999999998e-01 9.5425101214019326e-01
7 5.9999999999999998e-01 9.5425101213956054e-01
8 5.9999999999999998e-01 9.5425101213422103e-01
9 5.9999999999999998e-01 9.5425101214048569e-01
10 5.9999999999999998e-01 9.5425101213871233e-01
11 5.9999999999999998e-01 9.5425101213824259e-01
12 5.9999999999999998e-01 9.5425101213680208e-01
13 5.9999999999999998e-01 9.5425101213839847e-01
14 5.9999999999999998e-01 9.5425101213790964e-01
15 5.9999999999999998e-01 9.5425101213355046e-01
16 5.9999999999999998e-01 9.5425101213902752e-01
17 5.9999999999999998e-01 9.5425101213487273e-01
18 5.9999999999999998e-01 9.5425101213899743e-01
19 5.9999999999999998e-01 9.5425101213718688e-01
20 5.9999999999999998e-01 9.5425101213512675e-01
1 6.0999999999999999e-01 8.4998410596668894e-01
2 6.0999999999999999e-01 8.4998410596460694e-01
3 6.0999999999999999e-01 8.4998410596759455e-01
4 6.0999999999999999e-01 8.4998410596995211e-01
5 6.0999999999999999e-01 8.4998410596763074e-01
6 6.0999999999999999e-01 8.4998410597099583e-01
7 6.0999999999999999e-01 8.4998410596634477e-01
8 6.0999999999999999e-01 8.4998410597027640e-01
9 6.0999999999999999e-01 8.4998410596778207e-01
10 6.0999999999999999e-01 8.4998410596708951e-01
11 6.0999999999999999e-01 8.4998410596824692e-01
12 6.0999999999999999e-01 8.4998410596767682e-01
13 6.0999999999999999e-01 8.4998410596667295e-01
14 6.0999999999999999e-01 8.4998410596752860e-01
15 6.0999999999999999e-01 8.4998410596719376e-01
16 6.0999999999999999e-01 8.4998410597513685e-01
17 6.0999999999999999e-01 8.4998410596696905e-01
18 6.0999999999999999e-01 8.4998410596896512e-01
19 6.0999999999999999e-01 8.4998410596737750e-01
20 6.0999999999999999e-01 8.4998410596947638e-01
1 6.2000000000000000e-01 6.9059605757098097e-01
2 6.2000000000000000e-01 6.9059605757217923e-01
3 6.2000000000000000e-01 6.9059605757536391e-01
4 6.2000000000000000e-01 6.9059605757528097e-01
5 6.2000000000000000e-01 6.9059605757428677e-01
6 6.2000000000000000e-01 6.9059605757396925e-01
7 6.2000000000000000e-01 6.9059605757073161e-01
8 6.2000000000000000e-01 6.9059605757101661e-01
9 6.2000000000000000e-01 6.9059605757466669e-01
10 6.2000000000000000e-01 6.9059605757242915e-01
11 6.2000000000000000e-01 6.9059605758030518e-01
12 6.2000000000000000e-01 6.9059605757370612e-01
13 6.2000000000000000e-01 6.9059605757678222e-01
14 6.2000000000000000e-01 6.9059605757331333e-01
15 6.2000000000000000e-01 6.9059605757444054e-01
16 6.2000000000000000e-01 6.9059605757184450e-01
17 6.2000000000000000e-01 6.9059605757154041e-01
18 6.2000000000000000e-01 6.9059605757536346e-01
19 6.2000000000000000e-01 6.9059605757020348e-01
20 6.2000000000000000e-01 6.9059605757110509e-01
1 6.3000000000000000e-01 4.8477220952995154e-01
2 6.3000000000000000e-01 4.8477220953271755e-01
3 6.3000000000000000e-01 4.8477220953813216e-01
4 6.3000000000000000e-01 4.8477220951956701e-01
5 6.3000000000000000e-01 4.8477220952832767e-01
6 6.3000000000000000e-01 4.8477220952748606e-01
7 6.3000000000000000e-01 4.8477220952198502e-01
8 6.3000000000000000e-01 4.8477220953190064e-01
9 6.3000000000000000e-01 4.8477220953191774e-01
10 6.3000000000000000e-01 4.8477220952813715e-01
11 6.3000000000000000e-01 4.8477220952813710e-01
12 6.3000000000000000e-01 4.8477220953409078e-01
13 6.3000000000000000e-01 4.8477220954057743e-01
14 6.3000000000000000e-01 4.8477220953288525e-01
15 6.3000000000000000e-01 4.8477220953436023e-01
16 6.3000000000000000e-01 4.8477220952791500e-01
17 6.3000000000000000e-01 4.8477220952293160e-01
18 6.3000000000000000e-01 4.8477220953747002e-01
19 6.3000000000000000e-01 4.8477220953002048e-01
20 6.3000000000000000e-01 4.8477220953784511e-01
1 6.4000000000000001e-01 2.4469161730849673e-01
2 6.4000000000000001e-01 2.4469161730251920e-01
3 6.4000000000000001e-01 2.4469161729936625e-01
4 6.4000000000000001e-01 2.4469161730801162e-01
5 6.4000000000000001e-01 2.4469161730377398e-01
6 6.4000000000000001e-01 2.4469161731285247e-01
7 6.4000000000000001e-01 2.4469161731115760e-01
8 6.4000000000000001e-01 2.4469161730981265e-01
9 6.4000000000000001e-01 2.4469161732670272e-01
10 6.4000000000000001e-01 2.4469161731555319e-01
11 6.4000000000000001e-01 2.4469161731355182e-01
12 6.4000000000000001e-01 2.4469161731719655e-01
13 6.4000000000000001e-01 2.4469161731783456e-01
14 6.4000000000000001e-01 2.4469161730263772e-01
15 6.4000000000000001e-01 2.4469161730801336e-01
16 6.4000000000000001e-01 2.4469161730926975e-01
17 6.4000000000000001e-01 2.4469161730735089e-01
18 6.4000000000000001e-01 2.4469161730914785e-01
19 6.4000000000000001e-01 2.4469161731270000e-01
20 6.4000000000000001e-01 2.4469161730594383e-01
1 6.5000000000000002e-01 -1.4521282967463175e-02
2 6.5000000000000002e-01 -1.4521282958538136e-02
3 6.5000000000000002e-01 -1.4521282961891754e-02
4 6.5000000000000002e-01 -1.4521282969349921e-02
5 6.5000000000000002e-01 -1.4521282960303970e-02
6 6.5000000000000002e-01 -1.4521282956001280e-02
7 6.5000000000000002e-01 -1.4521282964126570e-02
8 6.5000000000000002e-01 -1.4521282962537605e-02
9 6.5000000000000002e-01 -1.4521282956269480e-02
10 6.5000000000000002e-01 -1.4521282956867944e-02
11 6.5000000000000002e-01 -1.4521282954611886e-02
12 6.5000000000000002e-01 -1.4521282958095953e-02
13 6.5000000000000002e-01 -1.4521282960809137e-02
14 6.5000000000000002e-01 -1.4521282959576956e-02
15 6.5000000000000002e-01 -1.4521282957322851e-02
16 6.5000000000000002e-01 -1.4521282956636711e-02
17 6.5000000000000002e-01 -1.4521282958457159e-02
18 6.5000000000000002e-01 -1.4521282959338282e-02
19 6.5000000000000002e-01 -1.4521282961727137e-02
20 6.5000000000000002e-01 -1.4521282948285742e-02
1 6.6000000000000003e-01 -2.7559467161752610e-01
2 6.6000000000000003e-01 -2.7559467160461010e-01
3 6.6000000000000003e-01 -2.7559467160993190e-01
4 6.6000000000000003e-01 -2.7559467161043733e-01
5 6.6000000000000003e-01 -2.7559467160703233e-01
6 6.6000000000000003e-01 -2.7559467160207068e-01
7 6.6000000000000003e-01 -2.7559467161936835e-01
8 6.6000000000000003e-01 -2.7559467160204604e-01
9 6.6000000000000003e-01 -2.7559467161211909e-01
10 6.6000000000000003e-01 -2.7559467160803669e-01
11 6.6000000000000003e-01 -2.7559467161797696e-01
12 6.6000000000000003e-01 -2.7559467161436718e-01
13 6.6000000000000003e-01 -2.7559467161975310e-01
14 6.6000000000000003e-01 -2.7559467160833734e-01
15 6.6000000000000003e-01 -2.7559467162012619e-01
16 6.6000000000000003e-01 -2.7559467161278484e-01
17 6.6000000000000003e-01 -2.7559467161163409e-01
18 6.6000000000000003e-01 -2.7559467161522250e-01
19 6.6000000000000003e-01 -2.7559467161535744e-01
20 6.6000000000000003e-01 -2.7559467161125561e-01
1 6.7000000000000004e-01 -5.2013482983625392e-01
2 6.7000000000000004e-01 -5.2013482982503456e-01
3 6.7000000000000004e-01 -5.2013482982269854e-01
4 6.7000000000000004e-01 -5.2013482983954007e-01
5 6.7000000000000004e-01 -5.2013482982920045e-01
6 6.7000000000000004e-01 -5.2013482981687842e-01
7 6.7000000000000004e-01 -5.2013482981221337e-01
8 6.7000000000000004e-01 -5.2013482982920467e-01
9 6.7000000000000004e-01 -5.2013482983314185e-01
10 6.7000000000000004e-01 -5.2013482982614789e-01
11 6.7000000000000004e-01 -5.2013482982366566e-01
12 6.7000000000000004e-01 -5.2013482981917225e-01
13 6.7000000000000004e-01 -5.2013482982316106e-01
14 6.7000000000000004e-01 -5.2013482983302295e-01
15 6.7000000000000004e-01 -5.2013482982368597e-01
16 6.7000000000000004e-01 -5.2013482982901160e-01
17 6.7000000000000004e-01 -5.2013482984312331e-01
18 6.7000000000000004e-01 -5.2013482983280146e-01
19 6.7000000000000004e-01 -5.2013482982773518e-01
20 6.7000000000000004e-01 -5.2013482982555903e-01
1 6.8000000000000005e-01 -7.2983855038097634e-01
2 6.8000000000000005e-01 -7.2983855039616119e-01
3 6.8000000000000005e-01 -7.2983855039354717e-01
4 6.8000000000000005e-01 -7.2983855039282719e-01
5 6.8000000000000005e-01 -7.2983855039141010e-01
6 6.8000000000000005e-01 -7.2983855037608047e-01
7 6.8000000000000005e-01 -7.2983855038270795e-01
8 6.8000000000000005e-01 -7.2983855037755163e-01
9 6.8000000000000005e-01 -7.2983855039520074e-01
10 6.8000000000000005e-01 -7.2983855039215284e-01
11 6.8000000000000005e-01 -7.2983855039463164e-01
12 6.8000000000000005e-01 -7.2983855038934609e-01
13 6.8000000000000005e-01 -7.2983855037434286e-01
14 6.8000000000000005e-01 -7.2983855039171108e-01
15 6.8000000000000005e-01 -7.2983855039985546e-01
16 6.8000000000000005e-01 -7.2983855039504242e-01
17 6.8000000000000005e-01 -7.2983855038396195e-01
18 6.8000000000000005e-01 -7.2983855039921508e-01
19 6.8000000000000005e-01 -7.2983855039363221e-01
20 6.8000000000000005e-01 -7.2983855039571421e-01
1 6.8999999999999995e-01 -8.8783287304903513e-01
2 6.8999999999999995e-01 -8.8783287302005076e-01
3 6.8999999999999995e-01 -8.8783287303045000e-01
4 6.8999999999999995e-01 -8.8783287303634073e-01
5 6.8999999999999995e-01 -8.8783287304165137e-01
6 6.8999999999999995e-01 -8.8783287303885894e-01
7 6.8999999999999995e-01 -8.8783287303499270e-01
8 6.8999999999999995e-01 -8.8783287304911618e-01
9 6.8999999999999995e-01 -8.8783287303675396e-01
10 6.8999999999999995e-01 -8.8783287301878189e-01
11 6.8999999999999995e-01 -8.8783287302540315e-01
12 6.8999999999999995e-01 -8.8783287303353275e-01
13 6.8999999999999995e-01 -8.8783287304582181e-01
14 6.8999999999999995e-01 -8.8783287302105796e-01
15 6.8999999999999995e-01 -8.8783287304097580e-01
16 6.8999999999999995e-01 -8.8783287303882330e-01
17 6.8999999999999995e-01 -8.8783287302508218e-01
18 6.8999999999999995e-01 -8.8783287302954139e-01
19 6.8999999999999995e-01 -8.8783287303649805e-01
20 6.8999999999999995e-01 -8.8783287301715053e-01
1 6.9999999999999996e-01 -9.8006392834491551e-01
2 6.9999999999999996e-01 -9.8006392835755451e-01
3 6.9999999999999996e-01 -9.8006392834540190e-01
4 6.9999999999999996e-01 -9.8006392834735678e-01
5 6.9999999999999996e-01 -9.8006392833969258e-01
6 6.9999999999999996e-01 -9.8006392834466560e-01
7 6.9999999999999996e-01 -9.8006392835356448e-01
8 6.9999999999999996e-01 -9.8006392836223732e-01
9 6.9999999999999996e-01 -9.8006392835167644e-01
10 6.9999999999999996e-01 -9.8006392836601941e-01
11 6.9999999999999996e-01 -9.8006392834429601e-01
12 6.9999999999999996e-01 -9.8006392836501210e-01
13 6.9999999999999996e-01 -9.8006392834625677e-01
14 6.9999999999999996e-01 -9.8006392833842815e-01
15 6.9999999999999996e-01 -9.8006392834664169e-01
16 6.9999999999999996e-01 -9.8006392834917821e-01
17 6.9999999999999996e-01 -9.8006392833112066e-01
18 6.9999999999999996e-01 -9.8006392833843570e-01
19 6.9999999999999996e-01 -9.8006392837236456e-01
20 6.9999999999999996e-01 -9.8006392833057709e-01
1 7.0999999999999996e-01 -9.9663980812316300e-01
2 7.0999999999999996e-01 -9.9663980815504427e-01
3 7.0999999999999996e-01 -9.9663980815374298e-01
4 7.0999999999999996e-01 -9.9663980814601183e-01
5 7.0999999999999996e-01 -9.9663980812632735e-01
6 7.0999999999999996e-01 -9.9663980816079367e-01
7 7.0999999999999996e-01 -9.9663980815906406e-01
8 7.0999999999999996e-01 -9.9663980813765096e-01
9 7.0999999999999996e-01 -9.9663980816198594e-01
10 7.0999999999999996e-01 -9.9663980816693842e-01
11 7.0999999999999996e-01 -9.9663980816039310e-01
12 7.0999999999999996e-01 -9.9663980815052866e-01
13 7.0999999999999996e-01 -9.9663980815332909e-01
14 7.0999999999999996e-01 -9.9663980814960174e-01
15 7.0999999999999996e-01 -9.9663980816271980e-01
16 7.0999999999999996e-01 -9.9663980812274411e-01
17 7.0999999999999996e-01 -9.9663980814125541e-01
18 7.0999999999999996e-01 -9.9663980814270869e-01
19 7.0999999999999996e-01 -9.9663980814385644e-01
20 7.0999999999999996e-01 -9.9663980814021291e-01
1 7.1999999999999997e-01 -9.3301880900182299e-01
2 7.1999999999999997e-01 -9.3301880902473155e-01
3 7.1999999999999997e-01 -9.3301880903261236e-01
4 7.1999999999999997e-01 -9.3301880904240131e-01
5 7.1999999999999997e-01 -9.3301880902196666e-01
6 7.1999999999999997e-01 -9.3301880900980139e-01
7 7.1999999999999997e-01 -9.3301880905753076e-01
8 7.1999999999999997e-01 -9.3301880903614809e-01
9 7.1999999999999997e-01 -9.3301880903472934e-01
10 7.1999999999999997e-01 -9.3301880902993994e-01
11 7.1999999999999997e-01 -9.3301880906759038e-01
12 7.1999999999999997e-01 -9.3301880899882039e-01
13 7.1999999999999997e-01 -9.3301880903803058e-01
14 7.1999999999999997e-01 -9.3301880901672851e-01
15 7.1999999999999997e-01 -9.3301880901863965e-01
16 7.1999999999999997e-01 -9.3301880899457124e-01
17 7.1999999999999997e-01 -9.3301880901389656e-01
18 7.1999999999999997e-01 -9.3301880903339496e-01
19 7.1999999999999997e-01 -9.3301880902689527e-01
20 7.1999999999999997e-01 -9.3301880907088164e-01
1 7.2999999999999998e-01 -7.9092586006150445e-01
2 7.2999999999999998e-01 -7.9092586005431020e-01
3 7.2999999999999998e-01 -7.9092586004676591e-01
4 7.2999999999999998e-01 -7.9092586004490884e-01
5 7.2999999999999998e-01 -7.9092586002686871e-01
6 7.2999999999999998e-01 -7.9092586004705978e-01
7 7.2999999999999998e-01 -7.9092586007420440e-01
8 7.2999999999999998e-01 -7.9092586004739274e-01
9 7.2999999999999998e-01 -7.9092586005441290e-01
10 7.2999999999999998e-01 -7.9092586004149257e-01
11 7.2999999999999998e-01 -7.9092586005212173e-01
12 7.2999999999999998e-01 -7.9092586001470977e-01
13 7.2999999999999998e-01 -7.9092586003727938e-01
14 7.2999999999999998e-01 -7.9092586008609256e-01
15 7.2999999999999998e-01 -7.9092586004434839e-01
16 7.2999999999999998e-01 -7.9092586001814802e-01
17 7.2999999999999998e-01 -7.9092586007490318e-01
18 7.2999999999999998e-01 -7.9092586005574894e-01
19 7.2999999999999998e-01 -7.9092586005500909e-01
20 7.2999999999999998e-01 -7.9092586000455112e-01
1 7.3999999999999999e-01 -5.7887832471863321e-01
2 7.3999999999999999e-01 -5.7887832474612189e-01
3 7.3999999999999999e-01 -5.7887832476313039e-01
4 7.3999999999999999e-01 -5.7887832474507528e-01
5 7.3999999999999999e-01 -5.7887832473382927e-01
6 7.3999999999999999e-01 -5.7887832471688949e-01
7 7.3999999999999999e-01 -5.7887832471505196e-01
8 7.3999999999999999e-01 -5.7887832473554635e-01
9 7.3999999999999999e-01 -5.7887832477670387e-01
10 7.3999999999999999e-01 -5.7887832476597001e-01
11 7.3999999999999999e-01 -5.7887832471692324e-01
12 7.3999999999999999e-01 -5.7887832478532053e-01
13 7.3999999999999999e-01 -5.7887832473775502e-01
14 7.3999999999999999e-01 -5.7887832472309142e-01
15 7.3999999999999999e-01 -5.7887832473869338e-01
16 7.3999999999999999e-01 -5.7887832474163725e-01
17 7.3999999999999999e-01 -5.7887832476036627e-01
18 7.3999999999999999e-01 -5.7887832476321799e-01
19 7.3999999999999999e-01 -5.7887832473474732e-01
20 7.3999999999999999e-01 -5.7887832471732359e-01
1 7.5000000000000000e-01 -3.1220960613682491e-01
2 7.5000000000000000e-01 -3.1220960618277310e-01
3 7.5000000000000000e-01 -3.1220960614825571e-01
4 7.5000000000000000e-01 -3.1220960612878212e-01
5 7.5000000000000000e-01 -3.1220960616772309e-01
6 7.5000000000000000e-01 -3.1220960617051086e-01
7 7.5000000000000000e-01 -3.1220960618893623e-01
8 7.5000000000000000e-01 -3.1220960620687754e-01
9 7.5000000000000000e-01 -3.1220960616532195e-01
10 7.5000000000000000e-01 -3.1220960614732113e-01
11 7.5000000000000000e-01 -3.1220960619897659e-01
12 7.5000000000000000e-01 -3.1220960619933874e-01
13 7.5000000000000000e-01 -3.1220960615650362e-01
14 7.5000000000000000e-01 -3.1220960617905702e-01
15 7.5000000000000000e-01 -3.1220960616564020e-01
16 7.5000000000000000e-01 -3.1220960613930498e-01
17 7.5000000000000000e-01 -3.1220960617752597e-01
18 7.5000000000000000e-01 -3.1220960620120181e-01
19 7.5000000000000000e-01 -3.1220960619280080e-01
20 7.5000000000000000e-01 -3.1220960620944155e-01
1 7.6000000000000001e-01 -1.2496969126443578e-02
2 7.6000000000000001e-01 -1.2496969101889991e-02
3 7.6000000000000001e-01 -1.2496969138460099e-02
4 7.6000000000000001e-01 -1.2496969112943315e-02
5 7.6000000000000001e-01 -1.2496969092296074e-02
6 7.6000000000000001e-01 -1.2496969163978135e-02
7 7.6000000000000001e-01 -1.2496969174763778e-02
8 7.6000000000000001e-01 -1.2496969107805265e-02
9 7.6000000000000001e-01 -1.2496969150893553e-02
10 7.6000000000000001e-01 -1.2496969106138688e-02
11 7.6000000000000001e-01 -1.2496969090375062e-02
12 7.6000000000000001e-01 -1.2496969168087221e-02
13 7.6000000000000001e-01 -1.2496969134385669e-02
14 7.6000000000000001e-01 -1.2496969146336986e-02
15 7.6000000000000001e-01 -1.2496969128703649e-02
16 7.6000000000000001e-01 -1.2496969097445389e-02
17 7.6000000000000001e-01 -1.2496969131215200e-02
18 7.6000000000000001e-01 -1.2496969151164175e-02
19 7.6000000000000001e-01 -1.2496969167357758e-02
20 7.6000000000000001e-01 -1.2496969096783011e-02
1 7.7000000000000002e-01 2.9366958586197262e-01
2 7.7000000000000002e-01 2.9366958593355225e-01
3 7.7000000000000002e-01 2.9366958588713465e-01
4 7.7000000000000002e-01 2.9366958588641662e-01
5 7.7000000000000002e-01 2.9366958589159226e-01
6 7.7000000000000002e-01 2.9366958594660508e-01
7 7.7000000000000002e-01 2.9366958596157494e-01
8 7.7000000000000002e-01 2.9366958598607312e-01
9 7.7000000000000002e-01 2.9366958595177212e-01
10 7.7000000000000002e-01 2.9366958593374093e-01
11 7.7000000000000002e-01 2.9366958599911336e-01
12 7.7000000000000002e-01 2.9366958594589998e-01
13 7.7000000000000002e-01 2.9366958593099113e-01
14 7.7000000000000002e-01 2.9366958588711772e-01
15 7.7000000000000002e-01 2.9366958590007880e-01
16 7.7000000000000002e-01 2.9366958602824539e-01
17 7.7000000000000002e-01 2.9366958588922687e-01
18 7.7000000000000002e-01 2.9366958593398823e-01
19 7.7000000000000002e-01 2.9366958590927794e-01
20 7.7000000000000002e-01 2.9366958596909415e-01
1 7.8000000000000003e-01 5.7659643073245914e-01
2 7.8000000000000003e-01 5.7659643073201938e-01
3 7.8000000000000003e-01 5.7659643075232225e-01
4 7.8000000000000003e-01 5.7659643077010370e-01
5 7.8000000000000003e-01 5.7659643074715528e-01
6 7.8000000000000003e-01 5.7659643072873801e-01
7 7.8000000000000003e-01 5.7659643069970656e-01
8 7.8000000000000003e-01 5.7659643076000611e-01
9 7.8000000000000003e-01 5.7659643066552024e-01
10 7.8000000000000003e-01 5.7659643077299672e-01
11 7.8000000000000003e-01 5.7659643076109435e-01
12 7.8000000000000003e-01 5.7659643075304956e-01
13 7.8000000000000003e-01 5.7659643078778955e-01
14 7.8000000000000003e-01 5.7659643081114120e-01
15 7.8000000000000003e-01 5.7659643075855405e-01
16 7.8000000000000003e-01 5.7659643077971245e-01
17 7.8000000000000003e-01 5.7659643070423672e-01
18 7.8000000000000003e-01 5.7659643072722755e-01
19 7.8000000000000003e-01 5.7659643069135025e-01
20 7.8000000000000003e-01 5.7659643071021727e-01
1 7.9000000000000004e-01 8.0603397049723235e-01
2 7.9000000000000004e-01 8.0603397045840941e-01
3 7.9000000000000004e-01 8.0603397037976809e-01
4 7.9000000000000004e-01 8.0603397039866831e-01
5 7.9000000000000004e-01 8.0603397039936053e-01
6 7.9000000000000004e-01 8.0603397049834913e-01
7 7.9000000000000004e-01 8.0603397043996783e-01
8 7.9000000000000004e-01 8.0603397041304925e-01
9 7.9000000000000004e-01 8.0603397034295876e-01
10 7.9000000000000004e-01 8.0603397042421177e-01
11 7.9000000000000004e-01 8.0603397042248315e-01
12 7.9000000000000004e-01 8.0603397045887348e-01
13 7.9000000000000004e-01 8.0603397041719282e-01
14 7.9000000000000004e-01 8.0603397037887836e-01
15 7.9000000000000004e-01 8.0603397048983427e-01
16 7.9000000000000004e-01 8.0603397047214087e-01
17 7.9000000000000004e-01 8.0603397043927105e-01
18 7.9000000000000004e-01 8.0603397036978053e-01
19 7.9000000000000004e-01 8.0603397035399704e-01
20 7.9000000000000004e-01 8.0603397034004742e-01
1 8.0000000000000004e-01 9.5425101208391017e-01
2 8.0000000000000004e-01 9.5425101223173081e-01
3 8.0000000000000004e-01 9.5425101222105091e-01
4 8.0000000000000004e-01 9.5425101203843521e-01
5 8.0000000000000004e-01 9.5425101204962237e-01
6 8.0000000000000004e-01 9.5425101213491847e-01
7 8.0000000000000004e-01 9.5425101217646024e-01
8 8.0000000000000004e-01 9.5425101216213759e-01
9 8.0000000000000004e-01 9.5425101214553143e-01
10 8.0000000000000004e-01 9.5425101218489972e-01
11 8.0000000000000004e-01 9.5425101224483044e-01
12 8.0000000000000004e-01 9.5425101209227803e-01
13 8.0000000000000004e-01 9.5425101213558439e-01
14 8.0000000000000004e-01 9.5425101220737352e-01
15 8.0000000000000004e-01 9.5425101206993246e-01
16 8.0000000000000004e-01 9.5425101208001828e-01
17 8.0000000000000004e-01 9.5425101213391339e-01
18 8.0000000000000004e-01 9.5425101206031993e-01
19 8.0000000000000004e-01 9.5425101210781227e-01
20 8.0000000000000004e-01 9.5425101214589469e-01
1 8.1000000000000005e-01 9.9943938341795158e-01
2 8.1000000000000005e-01 9.9943938353109940e-01
3 8.1000000000000005e-01 9.9943938342049876e-01
4 8.1000000000000005e-01 9.9943938360613205e-01
5 8.1000000000000005e-01 9.9943938334993032e-01
6 8.1000000000000005e-01 9.9943938341449279e-01
7 8.1000000000000005e-01 9.9943938361814100e-01
8 8.1000000000000005e-01 9.9943938323087034e-01
9 8.1000000000000005e-01 9.9943938350180339e-01
10 8.1000000000000005e-01 9.9943938341943095e-01
11 8.1000000000000005e-01 9.9943938343172789e-01
12 8.1000000000000005e-01 9.9943938345900096e-01
13 8.1000000000000005e-01 9.9943938348796091e-01
14 8.1000000000000005e-01 9.9943938343684324e-01
15 8.1000000000000005e-01 9.9943938361456042e-01
16 8.1000000000000005e-01 9.9943938360871365e-01
17 8.1000000000000005e-01 9.9943938352905659e-01
18 8.1000000000000005e-01 9.9943938346305561e-01
19 8.1000000000000005e-01 9.9943938349450701e-01
20 8.1000000000000005e-01 9.9943938346637395e-01
1 8.1999999999999995e-01 9.2915918870778003e-01
2 8.1999999999999995e-01 9.2915918880378157e-01
3 8.1999999999999995e-01 9.2915918861017777e-01
4 8.1999999999999995e-01 9.2915918872101322e-01
5 8.1999999999999995e-01 9.2915918870318270e-01
6 8.1999999999999995e-01 9.2915918863182345e-01
7 8.1999999999999995e-01 9.2915918854669965e-01
8 8.1999999999999995e-01 9.2915918862616531e-01
9 8.1999999999999995e-01 9.2915918863504676e-01
10 8.1999999999999995e-01 9.2915918849425760e-01
11 8.1999999999999995e-01 9.2915918874668624e-01
12 8.1999999999999995e-01 9.2915918863337055e-01
13 8.1999999999999995e-01 9.2915918862685953e-01
14 8.1999999999999995e-01 9.2915918869139791e-01
15 8.1999999999999995e-01 9.2915918862259128e-01
16 8.1999999999999995e-01 9.2915918864732205e-01
17 8.1999999999999995e-01 9.2915918875384806e-01
18 8.1999999999999995e-01 9.2915918864891944e-01
19 8.1999999999999995e-01 9.2915918881629200e-01
20 8.1999999999999995e-01 9.2915918884558579e-01
1 8.2999999999999996e-01 7.4343951861478308e-01
2 8.2999999999999996e-01 7.4343951881994219e-01
3 8.2999999999999996e-01 7.4343951870650982e-01
4 8.2999999999999996e-01 7.4343951878821002e-01
5 8.2999999999999996e-01 7.4343951862559388e-01
6 8.2999999999999996e-01 7.4343951865855262e-01
7 8.2999999999999996e-01 7.4343951893118021e-01
8 8.2999999999999996e-01 7.4343951877558823e-01
9 8.2999999999999996e-01 7.4343951868772284e-01
10 8.2999999999999996e-01 7.4343951870510938e-01
11 8.2999999999999996e-01 7.4343951882060166e-01
12 8.2999999999999996e-01 7.4343951862627100e-01
13 8.2999999999999996e-01 7.4343951872008751e-01
14 8.2999999999999996e-01 7.4343951873943614e-01
15 8.2999999999999996e-01 7.4343951877891190e-01
16 8.2999999999999996e-01 7.4343951877588577e-01
17 8.2999999999999996e-01 7.4343951886372472e-01
18 8.2999999999999996e-01 7.4343951879917214e-01
19 8.2999999999999996e-01 7.4343951871217517e-01
20 8.2999999999999996e-01 7.4343951878766068e-01
1 8.3999999999999997e-01 4.5706078845633585e-01
2 8.3999999999999997e-01 4.5706078852918369e-01
3 8.3999999999999997e-01 4.5706078848558757e-01
4 8.3999999999999997e-01 4.5706078849850218e-01
5 8.3999999999999997e-01 4.5706078855934196e-01
6 8.3999999999999997e-01 4.5706078848831100e-01
7 8.3999999999999997e-01 4.5706078843206921e-01
8 8.3999999999999997e-01 4.5706078872068873e-01
9 8.3999999999999997e-01 4.5706078847804171e-01
10 8.3999999999999997e-01 4.5706078855832621e-01
11 8.3999999999999997e-01 4.5706078834378433e-01
12 8.3999999999999997e-01 4.5706078843970460e-01
13 8.3999999999999997e-01 4.5706078850696930e-01
14 8.3999999999999997e-01 4.5706078862364397e-01
15 8.3999999999999997e-01 4.5706078828856339e-01
16 8.3999999999999997e-01 4.5706078853122711e-01
17 8.3999999999999997e-01 4.5706078848827086e-01
18 8.3999999999999997e-01 4.5706078849551457e-01
19 8.3999999999999997e-01 4.5706078829754537e-01
20 8.3999999999999997e-01 4.5706078856342364e-01
1 8.4999999999999998e-01 1.0047653862629902e-01
2 8.4999999999999998e-01 1.0047653865139965e-01
3 8.4999999999999998e-01 1.0047653847449305e-01
4 8.4999999999999998e-01 1.0047653838492886e-01
5 8.4999999999999998e-01 1.0047653856890072e-01
6 8.4999999999999998e-01 1.0047653850463087e-01
7 8.4999999999999998e-01 1.0047653860879580e-01
8 8.4999999999999998e-01 1.0047653888950797e-01
9 8.4999999999999998e-01 1.0047653861564201e-01
10 8.4999999999999998e-01 1.0047653882534752e-01
11 8.4999999999999998e-01 1.0047653847514026e-01
12 8.4999999999999998e-01 1.0047653867710603e-01
13 8.4999999999999998e-01 1.0047653846769018e-01
14 8.4999999999999998e-01 1.0047653852860330e-01
15 8.4999999999999998e-01 1.0047653855589170e-01
16 8.4999999999999998e-01 1.0047653848200216e-01
17 8.4999999999999998e-01 1.0047653889065011e-01
18 8.4999999999999998e-01 1.0047653882590031e-01
19 8.4999999999999998e-01 1.0047653862018832e-01
20 8.4999999999999998e-01 1.0047653882886687e-01
1 8.5999999999999999e-01 -2.8119699048193730e-01
2 8.5999999999999999e-01 -2.8119699018432021e-01
3 8.5999999999999999e-01 -2.8119699063255599e-01
4 8.5999999999999999e-01 -2.8119699027452622e-01
5 8.5999999999999999e-01 -2.8119699035545215e-01
6 8.5999999999999999e-01 -2.8119699020124378e-01
7 8.5999999999999999e-01 -2.8119699031348971e-01
8 8.5999999999999999e-01 -2.8119699021408706e-01
9 8.5999999999999999e-01 -2.8119699030154782e-01
10 8.5999999999999999e-01 -2.8119699020126265e-01
11 8.5999999999999999e-01 -2.8119699064403825e-01
12 8.5999999999999999e-01 -2.8119699050846536e-01
13 8.5999999999999999e-01 -2.8119699075321175e-01
14 8.5999999999999999e-01 -2.8119699037740786e-01
15 8.5999999999999999e-01 -2.8119699052062841e-01
16 8.5999999999999999e-01 -2.8119699050975411e-01
17 8.5999999999999999e-01 -2.8119699026853584e-01
18 8.5999999999999999e-01 -2.8119699029291106e-01
19 8.5999999999999999e-01 -2.8119699025353345e-01
20 8.5999999999999999e-01 -2.8119699027182304e-01
1 8.7000000000000000e-01 -6.3166120719156693e-01
2 8.7000000000000000e-01 -6.3166120682441174e-01
3 8.7000000000000000e-01 -6.3166120731331699e-01
4 8.7000000000000000e-01 -6.3166120684196914e-01
5 8.7000000000000000e-01 -6.3166120693978556e-01
6 8.7000000000000000e-01 -6.3166120716785157e-01
7 8.7000000000000000e-01 -6.3166120693938288e-01
8 8.7000000000000000e-01 -6.3166120732050957e-01
9 8.7000000000000000e-01 -6.3166120681450855e-01
10 8.7000000000000000e-01 -6.3166120713341833e-01
11 8.7000000000000000e-01 -6.3166120694831240e-01
12 8.7000000000000000e-01 -6.3166120720307628e-01
13 8.7000000000000000e-01 -6.3166120684676219e-01
14 8.7000000000000000e-01 -6.3166120680010984e-01
15 8.7000000000000000e-01 -6.3166120725140695e-01
16 8.7000000000000000e-01 -6.3166120714885865e-01
17 8.7000000000000000e-01 -6.3166120706117235e-01
18 8.7000000000000000e-01 -6.3166120713136853e-01
19 8.7000000000000000e-01 -6.3166120721057983e-01
20 8.7000000000000000e-01 -6.3166120697536721e-01
1 8.8000000000000000e-01 -8.8979317229725574e-01
2 8.8000000000000000e-01 -8.8979317195256669e-01
3 8.8000000000000000e-01 -8.8979317158549864e-01
4 8.8000000000000000e-01 -8.8979317210147990e-01
5 8.8000000000000000e-01 -8.8979317197059526e-01
6 8.8000000000000000e-01 -8.8979317209183273e-01
7 8.8000000000000000e-01 -8.8979317248931267e-01
8 8.8000000000000000e-01 -8.8979317183975504e-01
9 8.8000000000000000e-01 -8.8979317177222350e-01
10 8.8000000000000000e-01 -8.8979317217837106e-01
11 8.8000000000000000e-01 -8.8979317195955521e-01
12 8.8000000000000000e-01 -8.8979317192644503e-01
13 8.8000000000000000e-01 -8.8979317233969113e-01
14 8.8000000000000000e-01 -8.8979317211024322e-01
15 8.8000000000000000e-01 -8.8979317192790186e-01
16 8.8000000000000000e-01 -8.8979317210913489e-01
17 8.8000000000000000e-01 -8.8979317167129379e-01
18 8.8000000000000000e-01 -8.8979317188099938e-01
19 8.8000000000000000e-01 -8.8979317204026920e-01
20 8.8000000000000000e-01 -8.8979317181111717e-01
1 8.9000000000000001e-01 -9.9902134182020486e-01
2 8.9000000000000001e-01 -9.9902134138252630e-01
3 8.9000000000000001e-01 -9.9902134137405885e-01
4 8.9000000000000001e-01 -9.9902134179694890e-01
5 8.9000000000000001e-01 -9.9902134117388930e-01
6 8.9000000000000001e-01 -9.9902134145172861e-01
7 8.9000000000000001e-01 -9.9902134142172494e-01
8 8.9000000000000001e-01 -9.9902134165559187e-01
9 8.9000000000000001e-01 -9.9902134118318831e-01
10 8.9000000000000001e-01 -9.9902134159906830e-01
11 8.9000000000000001e-01 -9.9902134165446832e-01
12 8.9000000000000001e-01 -9.9902134174560486e-01
13 8.9000000000000001e-01 -9.9902134141845977e-01
14 8.9000000000000001e-01 -9.9902134166874956e-01
15 8.9000000000000001e-01 -9.9902134173868207e-01
16 8.9000000000000001e-01 -9.9902134123915998e-01
17 8.9000000000000001e-01 -9.9902134153315991e-01
18 8.9000000000000001e-01 -9.9902134195311454e-01
19 8.9000000000000001e-01 -9.9902134152023081e-01
20 8.9000000000000001e-01 -9.9902134133410070e-01
1 9.0000000000000002e-01 -9.1940090771687910e-01
2 9.0000000000000002e-01 -9.1940090830925658e-01
3 9.0000000000000002e-01 -9.1940090741663238e-01
4 9.0000000000000002e-01 -9.1940090795170892e-01
5 9.0000000000000002e-01 -9.1940090795646212e-01
6 9.0000000000000002e-01 -9.1940090744468006e-01
7 9.0000000000000002e-01 -9.1940090773996397e-01
8 9.0000000000000002e-01 -9.1940090786625006e-01
9 9.0000000000000002e-01 -9.1940090757825410e-01
10 9.0000000000000002e-01 -9.1940090789370910e-01
11 9.0000000000000002e-01 -9.1940090780113748e-01
12 9.0000000000000002e-01 -9.1940090767651050e-01
13 9.0000000000000002e-01 -9.1940090755358406e-01
14 9.0000000000000002e-01 -9.1940090767367011e-01
15 9.0000000000000002e-01 -9.1940090804816887e-01
16 9.0000000000000002e-01 -9.1940090708642797e-01
17 9.0000000000000002e-01 -9.1940090729234802e-01
18 9.0000000000000002e-01 -9.1940090761113646e-01
19 9.0000000000000002e-01 -9.1940090751981285e-01
20 9.0000000000000002e-01 -9.1940090757370707e-01
1 9.1000000000000003e-01 -6.4135549020315774e-01
2 9.1000000000000003e-01 -6.4135549093197286e-01
3 9.1000000000000003e-01 -6.4135549072411824e-01
4 9.1000000000000003e-01 -6.4135549051321195e-01
5 9.1000000000000003e-01 -6.4135549022518845e-01
6 9.1000000000000003e-01 -6.4135549011146220e-01
7 9.1000000000000003e-01 -6.4135549026739891e-01
8 9.1000000000000003e-01 -6.4135549073702725e-01
9 9.1000000000000003e-01 -6.4135549027319805e-01
10 9.1000000000000003e-01 -6.4135549092096378e-01
11 9.1000000000000003e-01 -6.4135549001704950e-01
12 9.1000000000000003e-01 -6.4135549011211634e-01
13 9.1000000000000003e-01 -6.4135549076979248e-01
14 9.1000000000000003e-01 -6.4135549031597783e-01
15 9.1000000000000003e-01 -6.4135549070274922e-01
16 9.1000000000000003e-01 -6.4135548990573499e-01
17 9.1000000000000003e-01 -6.4135549079002563e-01
18 9.1000000000000003e-01 -6.4135549077021903e-01
19 9.1000000000000003e-01 -6.4135549012167359e-01
20 9.1000000000000003e-01 -6.4135549082478871e-01
1 9.2000000000000004e-01 -1.9899783545484351e-01
2 9.2000000000000004e-01 -1.9899783530899057e-01
3 9.2000000000000004e-01 -1.9899783609401439e-01
4 9.2000000000000004e-01 -1.9899783537947177e-01
5 9.2000000000000004e-01 -1.9899783550527331e-01
6 9.2000000000000004e-01 -1.9899783631606596e-01
7 9.2000000000000004e-01 -1.9899783519759473e-01
8 9.2000000000000004e-01 -1.9899783633398907e-01
9 9.2000000000000004e-01 -1.9899783494958012e-01
10 9.2000000000000004e-01 -1.9899783521542541e-01
11 9.2000000000000004e-01 -1.9899783538126822e-01
12 9.2000000000000004e-01 -1.9899783494668280e-01
13 9.2000000000000004e-01 -1.9899783589891679e-01
14 9.2000000000000004e-01 -1.9899783536194654e-01
15 9.2000000000000004e-01 -1.9899783522470144e-01
16 9.2000000000000004e-01 -1.9899783540862545e-01
17 9.2000000000000004e-01 -1.9899783643124691e-01
18 9.2000000000000004e-01 -1.9899783585650205e-01
19 9.2000000000000004e-01 -1.9899783606127261e-01
20 9.2000000000000004e-01 -1.9899783623649778e-01
1 9.3000000000000005e-01 3.2055181627746882e-01
2 9.3000000000000005e-01 3.2055181672592936e-01
3 9.3000000000000005e-01 3.2055181698948093e-01
4 9.3000000000000005e-01 3.2055181707928559e-01
5 9.3000000000000005e-01 3.2055181704195301e-01
6 9.3000000000000005e-01 3.2055181626256474e-01
7 9.3000000000000005e-01 3.2055181792609933e-01
8 9.3000000000000005e-01 3.2055181611015787e-01
9 9.3000000000000005e-01 3.2055181639205649e-01
10 9.3000000000000005e-01 3.2055181702303770e-01
11 9.3000000000000005e-01 3.2055181690290790e-01
12 9.3000000000000005e-01 3.2055181706935121e-01
13 9.3000000000000005e-01 3.2055181662754761e-01
14 9.3000000000000005e-01 3.2055181598931187e-01
15 9.3000000000000005e-01 3.2055181662009230e-01
16 9.3000000000000005e-01 3.2055181724942006e-01
17 9.3000000000000005e-01 3.2055181619336742e-01
18 9.3000000000000005e-01 3.2055181609817951e-01
19 9.3000000000000005e-01 3.2055181651929243e-01
20 9.3000000000000005e-01 3.2055181784991221e-01
1 9.3999999999999995e-01 7.7748775029621808e-01
2 9.3999999999999995e-01 7.7748775050986696e-01
3 9.3999999999999995e-01 7.7748775127802539e-01
4 9.3999999999999995e-01 7.7748775106617640e-01
5 9.3999999999999995e-01 7.7748775028084005e-01
6 9.3999999999999995e-01 7.7748775076492593e-01
7 9.3999999999999995e-01 7.7748775057746555e-01
8 9.3999999999999995e-01 7.7748775011237115e-01
9 9.3999999999999995e-01 7.7748775053691177e-01
10 9.3999999999999995e-01 7.7748774979928903e-01
11 9.3999999999999995e-01 7.7748774999600034e-01
12 9.3999999999999995e-01 7.7748774936649712e-01
13 9.3999999999999995e-01 7.7748774996203562e-01
14 9.3999999999999995e-01 7.7748775098451528e-01
15 9.3999999999999995e-01 7.7748774967804868e-01
16 9.3999999999999995e-01 7.7748774981780433e-01
17 9.3999999999999995e-01 7.7748775069752851e-01
18 9.3999999999999995e-01 7.7748775120091151e-01
19 9.3999999999999995e-01 7.7748775006263215e-01
20 9.3999999999999995e-01 7.7748775071462439e-01
1 9.4999999999999996e-01 9.9768730863843469e-01
2 9.4999999999999996e-01 9.9768730849327214e-01
3 9.4999999999999996e-01 9.9768730863500221e-01
4 9.4999999999999996e-01 9.9768730770703096e-01
5 9.4999999999999996e-01 9.9768730776925407e-01
6 9.4999999999999996e-01 9.9768730862370303e-01
7 9.4999999999999996e-01 9.9768730954248730e-01
8 9.4999999999999996e-01 9.9768730861432287e-01
9 9.4999999999999996e-01 9.9768730888227863e-01
10 9.4999999999999996e-01 9.9768730880734557e-01
11 9.4999999999999996e-01 9.9768730832757591e-01
12 9.4999999999999996e-01 9.9768730968209740e-01
13 9.4999999999999996e-01 9.9768730874098066e-01
14 9.4999999999999996e-01 9.9768730961182484e-01
15 9.4999999999999996e-01 9.9768730792627447e-01
16 9.4999999999999996e-01 9.9768730928043137e-01
17 9.4999999999999996e-01 9.9768730806603234e-01
18 9.4999999999999996e-01 9.9768730871942479e-01
19 9.4999999999999996e-01 9.9768730798390903e-01
20 9.4999999999999996e-01 9.9768730934316241e-01
1 9.5999999999999996e-01 8.2118998746603933e-01
2 9.5999999999999996e-01 8.2118998869224569e-01
3 9.5999999999999996e-01 8.2118998797194553e-01
4 9.5999999999999996e-01 8.2118998978145752e-01
5 9.5999999999999996e-01 8.2118998890143258e-01
6 9.5999999999999996e-01 8.2118998706043156e-01
7 9.5999999999999996e-01 8.2118998765424911e-01
8 9.5999999999999996e-01 8.2118998738673743e-01
9 9.5999999999999996e-01 8.2118998827100220e-01
10 9.5999999999999996e-01 8.2118998801497589e-01
11 9.5999999999999996e-01 8.2118998937062715e-01
12 9.5999999999999996e-01 8.2118998596771575e-01
13 9.5999999999999996e-01 8.2118998861668069e-01
14 9.5999999999999996e-01 8.2118998786046515e-01
15 9.5999999999999996e-01 8.2118998910285923e-01
16 9.5999999999999996e-01 8.2118998856843628e-01
17 9.5999999999999996e-01 8.2118998772531726e-01
18 9.5999999999999996e-01 8.2118998824052791e-01
19 9.5999999999999996e-01 8.2118998919379127e-01
20 9.5999999999999996e-01 8.2118998739525795e-01
1 9.6999999999999997e-01 1.9761208768734206e-01
2 9.6999999999999997e-01 1.9761208534157845e-01
3 9.6999999999999997e-01 1.9761208536991812e-01
4 9.6999999999999997e-01 1.9761208561528523e-01
5 9.6999999999999997e-01 1.9761208567117908e-01
6 9.6999999999999997e-01 1.9761208535899977e-01
7 9.6999999999999997e-01 1.9761208655539336e-01
8 9.6999999999999997e-01 1.9761208498057348e-01
9 9.6999999999999997e-01 1.9761208689325183e-01
10 9.6999999999999997e-01 1.9761208734262506e-01
11 9.6999999999999997e-01 1.9761208551362566e-01
12 9.6999999999999997e-01 1.9761208602786631e-01
13 9.6999999999999997e-01 1.9761208595265578e-01
14 9.6999999999999997e-01 1.9761208512536405e-01
15 9.6999999999999997e-01 1.9761208633221863e-01
16 9.6999999999999997e-01 1.9761208702795566e-01
17 9.6999999999999997e-01 1.9761208642917552e-01
18 9.6999999999999997e-01 1.9761208778768316e-01
19 9.6999999999999997e-01 1.9761208674271252e-01
20 9.6999999999999997e-01 1.9761208604143951e-01
1 9.7999999999999998e-01 -6.4856081196082915e-01
2 9.7999999999999998e-01 -6.4856081116470510e-01
3 9.7999999999999998e-01 -6.4856081089132100e-01
4 9.7999999999999998e-01 -6.4856081242178065e-01
5 9.7999999999999998e-01 -6.4856081177520963e-01
6 9.7999999999999998e-01 -6.4856081115988884e-01
7 9.7999999999999998e-01 -6.4856081174430857e-01
8 9.7999999999999998e-01 -6.4856081221133977e-01
9 9.7999999999999998e-01 -6.4856081262392484e-01
10 9.7999999999999998e-01 -6.4856081161950507e-01
11 9.7999999999999998e-01 -6.4856081324482395e-01
12 9.7999999999999998e-01 -6.4856081185430847e-01
13 9.7999999999999998e-01 -6.4856081024673062e-01
14 9.7999999999999998e-01 -6.4856081203628824e-01
15 9.7999999999999998e-01 -6.4856081128304188e-01
16 9.7999999999999998e-01 -6.4856081248584374e-01
17 9.7999999999999998e-01 -6.4856081077890915e-01
18 9.7999999999999998e-01 -6.4856081047711900e-01
19 9.7999999999999998e-01 -6.4856081078179761e-01
20 9.7999999999999998e-01 -6.4856081116741215e-01
1 9.8999999999999999e-01 -9.5208824431480465e-01
2 9.8999999999999999e-01 -9.5208824363240452e-01
3 9.8999999999999999e-01 -9.5208824294773187e-01
4 9.8999999999999999e-01 -9.5208824365863187e-01
5 9.8999999999999999e-01 -9.5208824260594682e-01
6 9.8999999999999999e-01 -9.5208824258939873e-01
7 9.8999999999999999e-01 -9.5208824244223744e-01
8 9.8999999999999999e-01 -9.5208824402987735e-01
9 9.8999999999999999e-01 -9.5208824227072808e-01
10 9.8999999999999999e-01 -9.5208824478851606e-01
11 9.8999999999999999e-01 -9.5208824299841177e-01
12 9.8999999999999999e-01 -9.5208824441240070e-01
13 9.8999999999999999e-01 -9.5208824309326923e-01
14 9.8999999999999999e-01 -9.5208824484734256e-01
15 9.8999999999999999e-01 -9.5208824343368215e-01
16 9.8999999999999999e-01 -9.5208824369035094e-01
17 9.8999999999999999e-01 -9.5208824500526590e-01
18 9.8999999999999999e-01 -9.5208824561531835e-01
19 9.8999999999999999e-01 -9.5208824474687526e-01
20 9.8999999999999999e-01 -9.5208824291950400e-01
1 1.0000000000000000e+00 9.9999999800021766e-01
2 1.0000000000000000e+00 1.0000000023312670e+00
3 1.0000000000000000e+00 9.9999999984081500e-01
4 1.0000000000000000e+00 1.0000000006204957e+00
5 1.0000000000000000e+00 9.9999999955485208e-01
6 1.0000000000000000e+00 1.0000000010351913e+00
7 1.0000000000000000e+00 9.9999999804151318e-01
8 1.0000000000000000e+00 1.0000000031744423e+00
9 1.0000000000000000e+00 9.9999999954114349e-01
10 1.0000000000000000e+00 1.0000000009696830e+00
11 1.0000000000000000e+00 9.9999999800097572e-01
12 1.0000000000000000e+00 9.9999999868163725e-01
13 1.0000000000000000e+00 9.9999999967834252e-01
14 1.0000000000000000e+00 9.9999999947500751e-01
15 1.0000000000000000e+00 9.9999999986578392e-01
16 1.0000000000000000e+00 9.9999999971612119e-01
17 1.0000000000000000e+00 1.0000000005050387e+00
18 1.0000000000000000e+00 1.0000000028977596e+00
19 1.0000000000000000e+00 1.0000000012243988e+00
20 1.0000000000000000e+00 1.0000000005073415e+00
