i x t
1 0.0000000e+00 1.0000000e+00
2 0.0000000e+00 9.9999994e-01
3 0.0000000e+00 9.9999988e-01
4 0.0000000e+00 9.9999988e-01
5 0.0000000e+00 9.9999994e-01
6 0.0000000e+00 9.9999982e-01
7 0.0000000e+00 9.9999994e-01
8 0.0000000e+00 1.0000001e+00
9 0.0000000e+00 9.9999982e-01
10 0.0000000e+00 9.9999994e-01
11 0.0000000e+00 9.9999988e-01
12 0.0000000e+00 9.9999994e-01
13 0.0000000e+00 1.0000002e+00
14 0.0000000e+00 9.9999982e-01
15 0.0000000e+00 1.0000000e+00
16 0.0000000e+00 1.0000002e+00
17 0.0000000e+00 9.9999994e-01
18 0.0000000e+00 9.9999994e-01
19 0.0000000e+00 9.9999994e-01
20 0.0000000e+00 9.9999988e-01
1 9.9999998e-03 9.8006576e-01
2 9.9999998e-03 9.8006612e-01
3 9.9999998e-03 9.8006582e-01
4 9.9999998e-03 9.8006588e-01
5 9.9999998e-03 9.8006588e-01
6 9.9999998e-03 9.8006582e-01
7 9.9999998e-03 9.8006588e-01
8 9.9999998e-03 9.8006588e-01
9 9.9999998e-03 9.8006600e-01
10 9.9999998e-03 9.8006570e-01
11 9.9999998e-03 9.8006582e-01
12 9.9999998e-03 9.8006594e-01
13 9.9999998e-03 9.8006570e-01
14 9.9999998e-03 9.8006588e-01
15 9.9999998e-03 9.8006594e-01
16 9.9999998e-03 9.8006606e-01
17 9.9999998e-03 9.8006594e-01
18 9.9999998e-03 9.8006582e-01
19 9.9999998e-03 9.8006588e-01
20 9.9999998e-03 9.8006594e-01
1 2.0000000e-02 9.2105067e-01
2 2.0000000e-02 9.2105067e-01
3 2.0000000e-02 9.2105043e-01
4 2.0000000e-02 9.2105067e-01
5 2.0000000e-02 9.2105037e-01
6 2.0000000e-02 9.2105055e-01
7 2.0000000e-02 9.2105055e-01
8 2.0000000e-02 9.2105061e-01
9 2.0000000e-02 9.2105061e-01
10 2.0000000e-02 9.2105061e-01
11 2.0000000e-02 9.2105049e-01
12 2.0000000e-02 9.2105061e-01
13 2.0000000e-02 9.2105079e-01
14 2.0000000e-02 9.2105055e-01
15 2.0000000e-02 9.2105073e-01
16 2.0000000e-02 9.2105055e-01
17 2.0000000e-02 9.2105049e-01
18 2.0000000e-02 9.2105055e-01
19 2.0000000e-02 9.2105067e-01
20 2.0000000e-02 9.2105073e-01
1 2.9999999e-02 8.2528490e-01
2 2.9999999e-02 8.2528472e-01
3 2.9999999e-02 8.2528466e-01
4 2.9999999e-02 8.2528478e-01
5 2.9999999e-02 8.2528484e-01
6 2.9999999e-02 8.2528472e-01
7 2.9999999e-02 8.2528484e-01
8 2.9999999e-02 8.2528478e-01
9 2.9999999e-02 8.2528466e-01
10 2.9999999e-02 8.2528466e-01
11 2.9999999e-02 8.2528466e-01
12 2.9999999e-02 8.2528478e-01
13 2.9999999e-02 8.2528484e-01
14 2.9999999e-02 8.2528502e-01
15 2.9999999e-02 8.2528478e-01
16 2.9999999e-02 8.2528484e-01
17 2.9999999e-02 8.2528490e-01
18 2.9999999e-02 8.2528496e-01
19 2.9999999e-02 8.2528472e-01
20 2.9999999e-02 8.2528484e-01
1 3.9999999e-02 6.9655347e-01
2 3.9999999e-02 6.9655353e-01
3 3.9999999e-02 6.9655347e-01
4 3.9999999e-02 6.9655365e-01
5 3.9999999e-02 6.9655353e-01
6 3.9999999e-02 6.9655353e-01
7 3.9999999e-02 6.9655365e-01
8 3.9999999e-02 6.9655359e-01
9 3.9999999e-02 6.9655365e-01
10 3.9999999e-02 6.9655359e-01
11 3.9999999e-02 6.9655353e-01
12 3.9999999e-02 6.9655359e-01
13 3.9999999e-02 6.9655377e-01
14 3.9999999e-02 6.9655365e-01
15 3.9999999e-02 6.9655359e-01
16 3.9999999e-02 6.9655347e-01
17 3.9999999e-02 6.9655359e-01
18 3.9999999e-02 6.9655365e-01
19 3.9999999e-02 6.9655353e-01
20 3.9999999e-02 6.9655341e-01
1 5.0000001e-02 5.3995150e-01
2 5.0000001e-02 5.3995126e-01
3 5.0000001e-02 5.3995144e-01
4 5.0000001e-02 5.3995132e-01
5 5.0000001e-02 5.3995115e-01
6 5.0000001e-02 5.3995103e-01
7 5.0000001e-02 5.3995121e-01
8 5.0000001e-02 5.3995121e-01
9 5.0000001e-02 5.3995121e-01
10 5.0000001e-02 5.3995121e-01
11 5.0000001e-02 5.3995121e-01
12 5.0000001e-02 5.3995121e-01
13 5.0000001e-02 5.3995126e-01
14 5.0000001e-02 5.3995115e-01
15 5.0000001e-02 5.3995115e-01
16 5.0000001e-02 5.3995115e-01
17 5.0000001e-02 5.3995121e-01
18 5.0000001e-02 5.3995138e-01
19 5.0000001e-02 5.3995121e-01
20 5.0000001e-02 5.3995132e-01
1 5.9999999e-02 3.6168548e-01
2 5.9999999e-02 3.6168560e-01
3 5.9999999e-02 3.6168557e-01
4 5.9999999e-02 3.6168557e-01
5 5.9999999e-02 3.6168557e-01
6 5.9999999e-02 3.6168560e-01
7 5.9999999e-02 3.6168551e-01
8 5.9999999e-02 3.6168554e-01
9 5.9999999e-02 3.6168566e-01
10 5.9999999e-02 3.6168551e-01
11 5.9999999e-02 3.6168548e-01
12 5.9999999e-02 3.6168563e-01
13 5.9999999e-02 3.6168554e-01
14 5.9999999e-02 3.6168551e-01
15 5.9999999e-02 3.6168554e-01
16 5.9999999e-02 3.6168557e-01
17 5.9999999e-02 3.6168557e-01
18 5.9999999e-02 3.6168551e-01
19 5.9999999e-02 3.6168543e-01
20 5.9999999e-02 3.6168551e-01
1 7.0000000e-02 1.6883782e-01
2 7.0000000e-02 1.6883798e-01
3 7.0000000e-02 1.6883782e-01
4 7.0000000e-02 1.6883782e-01
5 7.0000000e-02 1.6883780e-01
6 7.0000000e-02 1.6883773e-01
7 7.0000000e-02 1.6883792e-01
8 7.0000000e-02 1.6883783e-01
9 7.0000000e-02 1.6883785e-01
10 7.0000000e-02 1.6883795e-01
11 7.0000000e-02 1.6883783e-01
12 7.0000000e-02 1.6883777e-01
13 7.0000000e-02 1.6883783e-01
14 7.0000000e-02 1.6883783e-01
15 7.0000000e-02 1.6883789e-01
16 7.0000000e-02 1.6883776e-01
17 7.0000000e-02 1.6883779e-01
18 7.0000000e-02 1.6883788e-01
19 7.0000000e-02 1.6883782e-01
20 7.0000000e-02 1.6883779e-01
1 7.9999998e-02 -3.0910287e-02
2 7.9999998e-02 -3.0910438e-02
3 7.9999998e-02 -3.0910144e-02
4 7.9999998e-02 -3.0910471e-02
5 7.9999998e-02 -3.0910196e-02
6 7.9999998e-02 -3.0910395e-02
7 7.9999998e-02 -3.0910239e-02
8 7.9999998e-02 -3.0910371e-02
9 7.9999998e-02 -3.0910343e-02
10 7.9999998e-02 -3.0910356e-02
11 7.9999998e-02 -3.0910259e-02
12 7.9999998e-02 -3.0910509e-02
13 7.9999998e-02 -3.0910211e-02
14 7.9999998e-02 -3.0910281e-02
15 7.9999998e-02 -3.0910473e-02
16 7.9999998e-02 -3.0910227e-02
17 7.9999998e-02 -3.0910274e-02
18 7.9999998e-02 -3.0910201e-02
19 7.9999998e-02 -3.0910473e-02
20 7.9999998e-02 -3.0910296e-02
1 9.0000004e-02 -2.2957653e-01
2 9.0000004e-02 -2.2957651e-01
3 9.0000004e-02 -2.2957629e-01
4 9.0000004e-02 -2.2957662e-01
5 9.0000004e-02 -2.2957660e-01
6 9.0000004e-02 -2.2957668e-01
7 9.0000004e-02 -2.2957662e-01
8 9.0000004e-02 -2.2957672e-01
9 9.0000004e-02 -2.2957668e-01
10 9.0000004e-02 -2.2957654e-01
11 9.0000004e-02 -2.2957654e-01
12 9.0000004e-02 -2.2957666e-01
13 9.0000004e-02 -2.2957663e-01
14 9.0000004e-02 -2.2957659e-01
15 9.0000004e-02 -2.2957653e-01
16 9.0000004e-02 -2.2957656e-01
17 9.0000004e-02 -2.2957662e-01
18 9.0000004e-02 -2.2957680e-01
19 9.0000004e-02 -2.2957662e-01
20 9.0000004e-02 -2.2957650e-01
1 1.0000000e-01 -4.1918921e-01
2 1.0000000e-01 -4.1918916e-01
3 1.0000000e-01 -4.1918921e-01
4 1.0000000e-01 -4.1918918e-01
5 1.0000000e-01 -4.1918901e-01
6 1.0000000e-01 -4.1918957e-01
7 1.0000000e-01 -4.1918907e-01
8 1.0000000e-01 -4.1918904e-01
9 1.0000000e-01 -4.1918895e-01
10 1.0000000e-01 -4.1918916e-01
11 1.0000000e-01 -4.1918907e-01
12 1.0000000e-01 -4.1918904e-01
13 1.0000000e-01 -4.1918901e-01
14 1.0000000e-01 -4.1918916e-01
15 1.0000000e-01 -4.1918945e-01
16 1.0000000e-01 -4.1918918e-01
17 1.0000000e-01 -4.1918957e-01
18 1.0000000e-01 -4.1918913e-01
19 1.0000000e-01 -4.1918930e-01
20 1.0000000e-01 -4.1918898e-01
1 1.1000000e-01 -5.9210211e-01
2 1.1000000e-01 -5.9210199e-01
3 1.1000000e-01 -5.9210187e-01
4 1.1000000e-01 -5.9210199e-01
5 1.1000000e-01 -5.9210217e-01
6 1.1000000e-01 -5.9210211e-01
7 1.1000000e-01 -5.9210205e-01
8 1.1000000e-01 -5.9210205e-01
9 1.1000000e-01 -5.9210211e-01
10 1.1000000e-01 -5.9210169e-01
11 1.1000000e-01 -5.9210163e-01
12 1.1000000e-01 -5.9210175e-01
13 1.1000000e-01 -5.9210205e-01
14 1.1000000e-01 -5.9210205e-01
15 1.1000000e-01 -5.9210175e-01
16 1.1000000e-01 -5.9210187e-01
17 1.1000000e-01 -5.9210193e-01
18 1.1000000e-01 -5.9210187e-01
19 1.1000000e-01 -5.9210193e-01
20 1.1000000e-01 -5.9210223e-01
1 1.2000000e-01 -7.4129713e-01
2 1.2000000e-01 -7.4129742e-01
3 1.2000000e-01 -7.4129772e-01
4 1.2000000e-01 -7.4129701e-01
5 1.2000000e-01 -7.4129766e-01
6 1.2000000e-01 -7.4129695e-01
7 1.2000000e-01 -7.4129707e-01
8 1.2000000e-01 -7.4129754e-01
9 1.2000000e-01 -7.4129730e-01
10 1.2000000e-01 -7.4129736e-01
11 1.2000000e-01 -7.4129742e-01
12 1.2000000e-01 -7.4129778e-01
13 1.2000000e-01 -7.4129772e-01
14 1.2000000e-01 -7.4129736e-01
15 1.2000000e-01 -7.4129719e-01
16 1.2000000e-01 -7.4129742e-01
17 1.2000000e-01 -7.4129730e-01
18 1.2000000e-01 -7.4129736e-01
19 1.2000000e-01 -7.4129742e-01
20 1.2000000e-01 -7.4129742e-01
1 1.3000000e-01 -8.6066943e-01
2 1.3000000e-01 -8.6066943e-01
3 1.3000000e-01 -8.6066926e-01
4 1.3000000e-01 -8.6066985e-01
5 1.3000000e-01 -8.6066931e-01
6 1.3000000e-01 -8.6066967e-01
7 1.3000000e-01 -8.6066943e-01
8 1.3000000e-01 -8.6066931e-01
9 1.3000000e-01 -8.6066902e-01
10 1.3000000e-01 -8.6066955e-01
11 1.3000000e-01 -8.6066931e-01
12 1.3000000e-01 -8.6066937e-01
13 1.3000000e-01 -8.6066979e-01
14 1.3000000e-01 -8.6066955e-01
15 1.3000000e-01 -8.6066967e-01
16 1.3000000e-01 -8.6066949e-01
17 1.3000000e-01 -8.6066920e-01
18 1.3000000e-01 -8.6066890e-01
19 1.3000000e-01 -8.6067003e-01
20 1.3000000e-01 -8.6066896e-01
1 1.4000000e-01 -9.4527346e-01
2 1.4000000e-01 -9.4527364e-01
3 1.4000000e-01 -9.4527274e-01
4 1.4000000e-01 -9.4527334e-01
5 1.4000000e-01 -9.4527352e-01
6 1.4000000e-01 -9.4527346e-01
7 1.4000000e-01 -9.4527352e-01
8 1.4000000e-01 -9.4527400e-01
9 1.4000000e-01 -9.4527316e-01
10 1.4000000e-01 -9.4527334e-01
11 1.4000000e-01 -9.4527310e-01
12 1.4000000e-01 -9.4527376e-01
13 1.4000000e-01 -9.4527376e-01
14 1.4000000e-01 -9.4527358e-01
15 1.4000000e-01 -9.4527352e-01
16 1.4000000e-01 -9.4527370e-01
17 1.4000000e-01 -9.4527388e-01
18 1.4000000e-01 -9.4527388e-01
19 1.4000000e-01 -9.4527316e-01
20 1.4000000e-01 -9.4527340e-01
1 1.5000001e-01 -9.9153250e-01
2 1.5000001e-01 -9.9153203e-01
3 1.5000001e-01 -9.9153203e-01
4 1.5000001e-01 -9.9153280e-01
5 1.5000001e-01 -9.9153268e-01
6 1.5000001e-01 -9.9153215e-01
7 1.5000001e-01 -9.9153280e-01
8 1.5000001e-01 -9.9153280e-01
9 1.5000001e-01 -9.9153233e-01
10 1.5000001e-01 -9.9153250e-01
11 1.5000001e-01 -9.9153370e-01
12 1.5000001e-01 -9.9153233e-01
13 1.5000001e-01 -9.9153280e-01
14 1.5000001e-01 -9.9153250e-01
15 1.5000001e-01 -9.9153274e-01
16 1.5000001e-01 -9.9153256e-01
17 1.5000001e-01 -9.9153197e-01
18 1.5000001e-01 -9.9153262e-01
19 1.5000001e-01 -9.9153268e-01
20 1.5000001e-01 -9.9153239e-01
1 1.6000000e-01 -9.9739397e-01
2 1.6000000e-01 -9.9739265e-01
3 1.6000000e-01 -9.9739367e-01
4 1.6000000e-01 -9.9739355e-01
5 1.6000000e-01 -9.9739343e-01
6 1.6000000e-01 -9.9739254e-01
7 1.6000000e-01 -9.9739277e-01
8 1.6000000e-01 -9.9739295e-01
9 1.6000000e-01 -9.9739301e-01
10 1.6000000e-01 -9.9739349e-01
11 1.6000000e-01 -9.9739355e-01
12 1.6000000e-01 -9.9739206e-01
13 1.6000000e-01 -9.9739385e-01
14 1.6000000e-01 -9.9739408e-01
15 1.6000000e-01 -9.9739283e-01
16 1.6000000e-01 -9.9739385e-01
17 1.6000000e-01 -9.9739343e-01
18 1.6000000e-01 -9.9739307e-01
19 1.6000000e-01 -9.9739343e-01
20 1.6000000e-01 -9.9739271e-01
1 1.7000000e-01 -9.6242380e-01
2 1.7000000e-01 -9.6242416e-01
3 1.7000000e-01 -9.6242565e-01
4 1.7000000e-01 -9.6242476e-01
5 1.7000000e-01 -9.6242505e-01
6 1.7000000e-01 -9.6242511e-01
7 1.7000000e-01 -9.6242559e-01
8 1.7000000e-01 -9.6242481e-01
9 1.7000000e-01 -9.6242487e-01
10 1.7000000e-01 -9.6242499e-01
11 1.7000000e-01 -9.6242565e-01
12 1.7000000e-01 -9.6242487e-01
13 1.7000000e-01 -9.6242493e-01
14 1.7000000e-01 -9.6242470e-01
15 1.7000000e-01 -9.6242476e-01
16 1.7000000e-01 -9.6242464e-01
17 1.7000000e-01 -9.6242481e-01
18 1.7000000e-01 -9.6242547e-01
19 1.7000000e-01 -9.6242476e-01
20 1.7000000e-01 -9.6242440e-01
1 1.8000001e-01 -8.8785410e-01
2 1.8000001e-01 -8.8785428e-01
3 1.8000001e-01 -8.8785434e-01
4 1.8000001e-01 -8.8785428e-01
5 1.8000001e-01 -8.8785505e-01
6 1.8000001e-01 -8.8785434e-01
7 1.8000001e-01 -8.8785315e-01
8 1.8000001e-01 -8.8785326e-01
9 1.8000001e-01 -8.8785446e-01
10 1.8000001e-01 -8.8785326e-01
11 1.8000001e-01 -8.8785321e-01
12 1.8000001e-01 -8.8785332e-01
13 1.8000001e-01 -8.8785261e-01
14 1.8000001e-01 -8.8785356e-01
15 1.8000001e-01 -8.8785422e-01
16 1.8000001e-01 -8.8785326e-01
17 1.8000001e-01 -8.8785398e-01
18 1.8000001e-01 -8.8785285e-01
19 1.8000001e-01 -8.8785398e-01
20 1.8000001e-01 -8.8785261e-01
1 1.9000000e-01 -7.7653557e-01
2 1.9000000e-01 -7.7653444e-01
3 1.9000000e-01 -7.7653307e-01
4 1.9000000e-01 -7.7653366e-01
5 1.9000000e-01 -7.7653366e-01
6 1.9000000e-01 -7.7653432e-01
7 1.9000000e-01 -7.7653402e-01
8 1.9000000e-01 -7.7653474e-01
9 1.9000000e-01 -7.7653480e-01
10 1.9000000e-01 -7.7653331e-01
11 1.9000000e-01 -7.7653342e-01
12 1.9000000e-01 -7.7653319e-01
13 1.9000000e-01 -7.7653563e-01
14 1.9000000e-01 -7.7653432e-01
15 1.9000000e-01 -7.7653378e-01
16 1.9000000e-01 -7.7653491e-01
17 1.9000000e-01 -7.7653438e-01
18 1.9000000e-01 -7.7653390e-01
19 1.9000000e-01 -7.7653551e-01
20 1.9000000e-01 -7.7653378e-01
1 2.0000000e-01 -6.3285244e-01
2 2.0000000e-01 -6.3285178e-01
3 2.0000000e-01 -6.3285118e-01
4 2.0000000e-01 -6.3285345e-01
5 2.0000000e-01 -6.3285333e-01
6 2.0000000e-01 -6.3285148e-01
7 2.0000000e-01 -6.3285244e-01
8 2.0000000e-01 -6.3284999e-01
9 2.0000000e-01 -6.3285100e-01
10 2.0000000e-01 -6.3285077e-01
11 2.0000000e-01 -6.3285178e-01
12 2.0000000e-01 -6.3284910e-01
13 2.0000000e-01 -6.3284910e-01
14 2.0000000e-01 -6.3285226e-01
15 2.0000000e-01 -6.3285160e-01
16 2.0000000e-01 -6.3285202e-01
17 2.0000000e-01 -6.3285017e-01
18 2.0000000e-01 -6.3285196e-01
19 2.0000000e-01 -6.3285184e-01
20 2.0000000e-01 -6.3285315e-01
1 2.0999999e-01 -4.6256885e-01
2 2.0999999e-01 -4.6256879e-01
3 2.0999999e-01 -4.6256715e-01
4 2.0999999e-01 -4.6256799e-01
5 2.0999999e-01 -4.6256745e-01
6 2.0999999e-01 -4.6256879e-01
7 2.0999999e-01 -4.6256867e-01
8 2.0999999e-01 -4.6257123e-01
9 2.0999999e-01 -4.6256796e-01
10 2.0999999e-01 -4.6256799e-01
11 2.0999999e-01 -4.6256828e-01
12 2.0999999e-01 -4.6256819e-01
13 2.0999999e-01 -4.6256843e-01
14 2.0999999e-01 -4.6256876e-01
15 2.0999999e-01 -4.6256721e-01
16 2.0999999e-01 -4.6256894e-01
17 2.0999999e-01 -4.6256870e-01
18 2.0999999e-01 -4.6256661e-01
19 2.0999999e-01 -4.6256980e-01
20 2.0999999e-01 -4.6257013e-01
1 2.2000000e-01 -2.7260491e-01
2 2.2000000e-01 -2.7260426e-01
3 2.2000000e-01 -2.7260366e-01
4 2.2000000e-01 -2.7260432e-01
5 2.2000000e-01 -2.7260375e-01
6 2.2000000e-01 -2.7260390e-01
7 2.2000000e-01 -2.7260587e-01
8 2.2000000e-01 -2.7260399e-01
9 2.2000000e-01 -2.7260810e-01
10 2.2000000e-01 -2.7260414e-01
11 2.2000000e-01 -2.7260211e-01
12 2.2000000e-01 -2.7260855e-01
13 2.2000000e-01 -2.7260375e-01
14 2.2000000e-01 -2.7260393e-01
15 2.2000000e-01 -2.7260506e-01
16 2.2000000e-01 -2.7260405e-01
17 2.2000000e-01 -2.7260584e-01
18 2.2000000e-01 -2.7260619e-01
19 2.2000000e-01 -2.7260673e-01
20 2.2000000e-01 -2.7260682e-01
1 2.3000000e-01 -7.0775941e-02
2 2.3000000e-01 -7.0773385e-02
3 2.3000000e-01 -7.0776172e-02
4 2.3000000e-01 -7.0777252e-02
5 2.3000000e-01 -7.0776679e-02
6 2.3000000e-01 -7.0773691e-02
7 2.3000000e-01 -7.0775494e-02
8 2.3000000e-01 -7.0776761e-02
9 2.3000000e-01 -7.0774630e-02
10 2.3000000e-01 -7.0774771e-02
11 2.3000000e-01 -7.0778958e-02
12 2.3000000e-01 -7.0776612e-02
13 2.3000000e-01 -7.0776239e-02
14 2.3000000e-01 -7.0778631e-02
15 2.3000000e-01 -7.0779391e-02
16 2.3000000e-01 -7.0776716e-02
17 2.3000000e-01 -7.0776165e-02
18 2.3000000e-01 -7.0773244e-02
19 2.3000000e-01 -7.0777833e-02
20 2.3000000e-01 -7.0774950e-02
1 2.3999999e-01 1.3451552e-01
2 2.3999999e-01 1.3451934e-01
3 2.3999999e-01 1.3451841e-01
4 2.3999999e-01 1.3451762e-01
5 2.3999999e-01 1.3451974e-01
6 2.3999999e-01 1.3452035e-01
7 2.3999999e-01 1.3452207e-01
8 2.3999999e-01 1.3451660e-01
9 2.3999999e-01 1.3452034e-01
10 2.3999999e-01 1.3451914e-01
11 2.3999999e-01 1.3452043e-01
12 2.3999999e-01 1.3452478e-01
13 2.3999999e-01 1.3451955e-01
14 2.3999999e-01 1.3451657e-01
15 2.3999999e-01 1.3451900e-01
16 2.3999999e-01 1.3452131e-01
17 2.3999999e-01 1.3452081e-01
18 2.3999999e-01 1.3452016e-01
19 2.3999999e-01 1.3451457e-01
20 2.3999999e-01 1.3451943e-01
1 2.5000000e-01 3.3463645e-01
2 2.5000000e-01 3.3463281e-01
3 2.5000000e-01 3.3462968e-01
4 2.5000000e-01 3.3463389e-01
5 2.5000000e-01 3.3463028e-01
6 2.5000000e-01 3.3463225e-01
7 2.5000000e-01 3.3463430e-01
8 2.5000000e-01 3.3463058e-01
9 2.5000000e-01 3.3463755e-01
10 2.5000000e-01 3.3462906e-01
11 2.5000000e-01 3.3462849e-01
12 2.5000000e-01 3.3463505e-01
13 2.5000000e-01 3.3463302e-01
14 2.5000000e-01 3.3463463e-01
15 2.5000000e-01 3.3463171e-01
16 2.5000000e-01 3.3463377e-01
17 2.5000000e-01 3.3463272e-01
18 2.5000000e-01 3.3463189e-01
19 2.5000000e-01 3.3463407e-01
20 2.5000000e-01 3.3463076e-01
1 2.5999999e-01 5.2102166e-01
2 2.5999999e-01 5.2102804e-01
3 2.5999999e-01 5.2102745e-01
4 2.5999999e-01 5.2102977e-01
5 2.5999999e-01 5.2101958e-01
6 2.5999999e-01 5.2102542e-01
7 2.5999999e-01 5.2102917e-01
8 2.5999999e-01 5.2102697e-01
9 2.5999999e-01 5.2103215e-01
10 2.5999999e-01 5.2102584e-01
11 2.5999999e-01 5.2102584e-01
12 2.5999999e-01 5.2103269e-01
13 2.5999999e-01 5.2102274e-01
14 2.5999999e-01 5.2102673e-01
15 2.5999999e-01 5.2103031e-01
16 2.5999999e-01 5.2102768e-01
17 2.5999999e-01 5.2102387e-01
18 2.5999999e-01 5.2103198e-01
19 2.5999999e-01 5.2103007e-01
20 2.5999999e-01 5.2103049e-01
1 2.7000001e-01 6.8562675e-01
2 2.7000001e-01 6.8563604e-01
3 2.7000001e-01 6.8563294e-01
4 2.7000001e-01 6.8564194e-01
5 2.7000001e-01 6.8562829e-01
6 2.7000001e-01 6.8563187e-01
7 2.7000001e-01 6.8563390e-01
8 2.7000001e-01 6.8563294e-01
9 2.7000001e-01 6.8562990e-01
10 2.7000001e-01 6.8562979e-01
11 2.7000001e-01 6.8562955e-01
12 2.7000001e-01 6.8563044e-01
13 2.7000001e-01 6.8563658e-01
14 2.7000001e-01 6.8563640e-01
15 2.7000001e-01 6.8563223e-01
16 2.7000001e-01 6.8562967e-01
17 2.7000001e-01 6.8563080e-01
18 2.7000001e-01 6.8563187e-01
19 2.7000001e-01 6.8562627e-01
20 2.7000001e-01 6.8563223e-01
1 2.8000000e-01 8.2118303e-01
2 2.8000000e-01 8.2119471e-01
3 2.8000000e-01 8.2118976e-01
4 2.8000000e-01 8.2119060e-01
5 2.8000000e-01 8.2118064e-01
6 2.8000000e-01 8.2118917e-01
7 2.8000000e-01 8.2118940e-01
8 2.8000000e-01 8.2118714e-01
9 2.8000000e-01 8.2119131e-01
10 2.8000000e-01 8.2119149e-01
11 2.8000000e-01 8.2118964e-01
12 2.8000000e-01 8.2118946e-01
13 2.8000000e-01 8.2119548e-01
14 2.8000000e-01 8.2119220e-01
15 2.8000000e-01 8.2119739e-01
16 2.8000000e-01 8.2119018e-01
17 2.8000000e-01 8.2118976e-01
18 2.8000000e-01 8.2119703e-01
19 2.8000000e-01 8.2119536e-01
20 2.8000000e-01 8.2119089e-01
1 2.8999999e-01 9.2158568e-01
2 2.8999999e-01 9.2158133e-01
3 2.8999999e-01 9.2158967e-01
4 2.8999999e-01 9.2158812e-01
5 2.8999999e-01 9.2159009e-01
6 2.8999999e-01 9.2158931e-01
7 2.8999999e-01 9.2158335e-01
8 2.8999999e-01 9.2158681e-01
9 2.8999999e-01 9.2159462e-01
10 2.8999999e-01 9.2159015e-01
11 2.8999999e-01 9.2158175e-01
12 2.8999999e-01 9.2159015e-01
13 2.8999999e-01 9.2158771e-01
14 2.8999999e-01 9.2159027e-01
15 2.8999999e-01 9.2158645e-01
16 2.8999999e-01 9.2159897e-01
17 2.8999999e-01 9.2158145e-01
18 2.8999999e-01 9.2158383e-01
19 2.8999999e-01 9.2158520e-01
20 2.8999999e-01 9.2158222e-01
1 3.0000001e-01 9.8213398e-01
2 3.0000001e-01 9.8213154e-01
3 3.0000001e-01 9.8214042e-01
4 3.0000001e-01 9.8212230e-01
5 3.0000001e-01 9.8212874e-01
6 3.0000001e-01 9.8213166e-01
7 3.0000001e-01 9.8213804e-01
8 3.0000001e-01 9.8213089e-01
9 3.0000001e-01 9.8213136e-01
10 3.0000001e-01 9.8213130e-01
11 3.0000001e-01 9.8213667e-01
12 3.0000001e-01 9.8212838e-01
13 3.0000001e-01 9.8212934e-01
14 3.0000001e-01 9.8213649e-01
15 3.0000001e-01 9.8213929e-01
16 3.0000001e-01 9.8212779e-01
17 3.0000001e-01 9.8212188e-01
18 3.0000001e-01 9.8212349e-01
19 3.0000001e-01 9.8213482e-01
20 3.0000001e-01 9.8213047e-01
1 3.1000000e-01 9.9978131e-01
2 3.1000000e-01 9.9979085e-01
3 3.1000000e-01 9.9979526e-01
4 3.1000000e-01 9.9978870e-01
5 3.1000000e-01 9.9978876e-01
6 3.1000000e-01 9.9978644e-01
7 3.1000000e-01 9.9978554e-01
8 3.1000000e-01 9.9979490e-01
9 3.1000000e-01 9.9978852e-01
10 3.1000000e-01 9.9978894e-01
11 3.1000000e-01 9.9979222e-01
12 3.1000000e-01 9.9979669e-01
13 3.1000000e-01 9.9978775e-01
14 3.1000000e-01 9.9979341e-01
15 3.1000000e-01 9.9977040e-01
16 3.1000000e-01 9.9979514e-01
17 3.1000000e-01 9.9978846e-01
18 3.1000000e-01 9.9977618e-01
19 3.1000000e-01 9.9978572e-01
20 3.1000000e-01 9.9978733e-01
1 3.1999999e-01 9.7336787e-01
2 3.1999999e-01 9.7333914e-01
3 3.1999999e-01 9.7334582e-01
4 3.1999999e-01 9.7332525e-01
5 3.1999999e-01 9.7333676e-01
6 3.1999999e-01 9.7333145e-01
7 3.1999999e-01 9.7333401e-01
8 3.1999999e-01 9.7334033e-01
9 3.1999999e-01 9.7334749e-01
10 3.1999999e-01 9.7335827e-01
11 3.1999999e-01 9.7334045e-01
12 3.1999999e-01 9.7334963e-01
13 3.1999999e-01 9.7334802e-01
14 3.1999999e-01 9.7334987e-01
15 3.1999999e-01 9.7334737e-01
16 3.1999999e-01 9.7335768e-01
17 3.1999999e-01 9.7334611e-01
18 3.1999999e-01 9.7333473e-01
19 3.1999999e-01 9.7334194e-01
20 3.1999999e-01 9.7333282e-01
1 3.3000001e-01 9.0352386e-01
2 3.3000001e-01 9.0350443e-01
3 3.3000001e-01 9.0350991e-01
4 3.3000001e-01 9.0350902e-01
5 3.3000001e-01 9.0350211e-01
6 3.3000001e-01 9.0351689e-01
7 3.3000001e-01 9.0352428e-01
8 3.3000001e-01 9.0351152e-01
9 3.3000001e-01 9.0352261e-01
10 3.3000001e-01 9.0351236e-01
11 3.3000001e-01 9.0352154e-01
12 3.3000001e-01 9.0352523e-01
13 3.3000001e-01 9.0351927e-01
14 3.3000001e-01 9.0352637e-01
15 3.3000001e-01 9.0351784e-01
16 3.3000001e-01 9.0351468e-01
17 3.3000001e-01 9.0352136e-01
18 3.3000001e-01 9.0351701e-01
19 3.3000001e-01 9.0352160e-01
20 3.3000001e-01 9.0351367e-01
1 3.4000000e-01 7.9296780e-01
2 3.4000000e-01 7.9294127e-01
3 3.4000000e-01 7.9293048e-01
4 3.4000000e-01 7.9295677e-01
5 3.4000000e-01 7.9296970e-01
6 3.4000000e-01 7.9296482e-01
7 3.4000000e-01 7.9293931e-01
8 3.4000000e-01 7.9297465e-01
9 3.4000000e-01 7.9295909e-01
10 3.4000000e-01 7.9296398e-01
11 3.4000000e-01 7.9294527e-01
12 3.4000000e-01 7.9296023e-01
13 3.4000000e-01 7.9296005e-01
14 3.4000000e-01 7.9295737e-01
15 3.4000000e-01 7.9295069e-01
16 3.4000000e-01 7.9295427e-01
17 3.4000000e-01 7.9293704e-01
18 3.4000000e-01 7.9295909e-01
19 3.4000000e-01 7.9294080e-01
20 3.4000000e-01 7.9295111e-01
1 3.4999999e-01 6.4617658e-01
2 3.4999999e-01 6.4616960e-01
3 3.4999999e-01 6.4614576e-01
4 3.4999999e-01 6.4620066e-01
5 3.4999999e-01 6.4616501e-01
6 3.4999999e-01 6.4616442e-01
7 3.4999999e-01 6.4615208e-01
8 3.4999999e-01 6.4617318e-01
9 3.4999999e-01 6.4618081e-01
10 3.4999999e-01 6.4617938e-01
11 3.4999999e-01 6.4616781e-01
12 3.4999999e-01 6.4616156e-01
13 3.4999999e-01 6.4617884e-01
14 3.4999999e-01 6.4617276e-01
15 3.4999999e-01 6.4615095e-01
16 3.4999999e-01 6.4618170e-01
17 3.4999999e-01 6.4617819e-01
18 3.4999999e-01 6.4619249e-01
19 3.4999999e-01 6.4618075e-01
20 3.4999999e-01 6.4617789e-01
1 3.6000001e-01 4.6940297e-01
2 3.6000001e-01 4.6943265e-01
3 3.6000001e-01 4.6941152e-01
4 3.6000001e-01 4.6939752e-01
5 3.6000001e-01 4.6943086e-01
6 3.6000001e-01 4.6942762e-01
7 3.6000001e-01 4.6937969e-01
8 3.6000001e-01 4.6940506e-01
9 3.6000001e-01 4.6940371e-01
10 3.6000001e-01 4.6940047e-01
11 3.6000001e-01 4.6940991e-01
12 3.6000001e-01 4.6941856e-01
13 3.6000001e-01 4.6940094e-01
14 3.6000001e-01 4.6938747e-01
15 3.6000001e-01 4.6938312e-01
16 3.6000001e-01 4.6938363e-01
17 3.6000001e-01 4.6941754e-01
18 3.6000001e-01 4.6942842e-01
19 3.6000001e-01 4.6943977e-01
20 3.6000001e-01 4.6937999e-01
1 3.7000000e-01 2.7037370e-01
2 3.7000000e-01 2.7039096e-01
3 3.7000000e-01 2.7038735e-01
4 3.7000000e-01 2.7036533e-01
5 3.7000000e-01 2.7037540e-01
6 3.7000000e-01 2.7040014e-01
7 3.7000000e-01 2.7040574e-01
8 3.7000000e-01 2.7039775e-01
9 3.7000000e-01 2.7036905e-01
10 3.7000000e-01 2.7040583e-01
11 3.7000000e-01 2.7036357e-01
12 3.7000000e-01 2.7040058e-01
13 3.7000000e-01 2.7039221e-01
14 3.7000000e-01 2.7040508e-01
15 3.7000000e-01 2.7040127e-01
16 3.7000000e-01 2.7036735e-01
17 3.7000000e-01 2.7037504e-01
18 3.7000000e-01 2.7040881e-01
19 3.7000000e-01 2.7041554e-01
20 3.7000000e-01 2.7040866e-01
1 3.8000000e-01 5.8037881e-02
2 3.8000000e-01 5.8046959e-02
3 3.8000000e-01 5.8022283e-02
4 3.8000000e-01 5.8101751e-02
5 3.8000000e-01 5.8000028e-02
6 3.8000000e-01 5.7990637e-02
7 3.8000000e-01 5.8068007e-02
8 3.8000000e-01 5.8026161e-02
9 3.8000000e-01 5.8065422e-02
10 3.8000000e-01 5.8053531e-02
11 3.8000000e-01 5.8026470e-02
12 3.8000000e-01 5.8020473e-02
13 3.8000000e-01 5.8016751e-02
14 3.8000000e-01 5.8048204e-02
15 3.8000000e-01 5.8030903e-02
16 3.8000000e-01 5.8052652e-02
17 3.8000000e-01 5.7975709e-02
18 3.8000000e-01 5.8071755e-02
19 3.8000000e-01 5.7995562e-02
20 3.8000000e-01 5.8064017e-02
1 3.8999999e-01 -1.5797210e-01
2 3.8999999e-01 -1.5795919e-01
3 3.8999999e-01 -1.5799867e-01
4 3.8999999e-01 -1.5796335e-01
5 3.8999999e-01 -1.5801398e-01
6 3.8999999e-01 -1.5799348e-01
7 3.8999999e-01 -1.5794936e-01
8 3.8999999e-01 -1.5797010e-01
9 3.8999999e-01 -1.5803252e-01
10 3.8999999e-01 -1.5802281e-01
11 3.8999999e-01 -1.5802765e-01
12 3.8999999e-01 -1.5799691e-01
13 3.8999999e-01 -1.5797670e-01
14 3.8999999e-01 -1.5791878e-01
15 3.8999999e-01 -1.5800942e-01
16 3.8999999e-01 -1.5796538e-01
17 3.8999999e-01 -1.5803461e-01
18 3.8999999e-01 -1.5798897e-01
19 3.8999999e-01 -1.5801965e-01
20 3.8999999e-01 -1.5798561e-01
1 4.0000001e-01 -3.6756858e-01
2 4.0000001e-01 -3.6751312e-01
3 4.0000001e-01 -3.6752316e-01
4 4.0000001e-01 -3.6750406e-01
5 4.0000001e-01 -3.6756971e-01
6 4.0000001e-01 -3.6754838e-01
7 4.0000001e-01 -3.6750883e-01
8 4.0000001e-01 -3.6754918e-01
9 4.0000001e-01 -3.6758083e-01
10 4.0000001e-01 -3.6750340e-01
11 4.0000001e-01 -3.6742559e-01
12 4.0000001e-01 -3.6749294e-01
13 4.0000001e-01 -3.6760709e-01
14 4.0000001e-01 -3.6754763e-01
15 4.0000001e-01 -3.6760035e-01
16 4.0000001e-01 -3.6753455e-01
17 4.0000001e-01 -3.6752638e-01
18 4.0000001e-01 -3.6755678e-01
19 4.0000001e-01 -3.6747503e-01
20 4.0000001e-01 -3.6754596e-01
1 4.1000000e-01 -5.6062305e-01
2 4.1000000e-01 -5.6056023e-01
3 4.1000000e-01 -5.6063491e-01
4 4.1000000e-01 -5.6064314e-01
5 4.1000000e-01 -5.6062108e-01
6 4.1000000e-01 -5.6060863e-01
7 4.1000000e-01 -5.6059122e-01
8 4.1000000e-01 -5.6059897e-01
9 4.1000000e-01 -5.6059217e-01
10 4.1000000e-01 -5.6055868e-01
11 4.1000000e-01 -5.6056714e-01
12 4.1000000e-01 -5.6056923e-01
13 4.1000000e-01 -5.6064260e-01
14 4.1000000e-01 -5.6057394e-01
15 4.1000000e-01 -5.6057155e-01
16 4.1000000e-01 -5.6063986e-01
17 4.1000000e-01 -5.6060857e-01
18 4.1000000e-01 -5.6056839e-01
19 4.1000000e-01 -5.6060821e-01
20 4.1000000e-01 -5.6061190e-01
1 4.1999999e-01 -7.2767121e-01
2 4.1999999e-01 -7.2773212e-01
3 4.1999999e-01 -7.2775793e-01
4 4.1999999e-01 -7.2769058e-01
5 4.1999999e-01 -7.2770202e-01
6 4.1999999e-01 -7.2764397e-01
7 4.1999999e-01 -7.2763556e-01
8 4.1999999e-01 -7.2770709e-01
9 4.1999999e-01 -7.2771478e-01
10 4.1999999e-01 -7.2769672e-01
11 4.1999999e-01 -7.2776765e-01
12 4.1999999e-01 -7.2764653e-01
13 4.1999999e-01 -7.2771239e-01
14 4.1999999e-01 -7.2772998e-01
15 4.1999999e-01 -7.2759396e-01
16 4.1999999e-01 -7.2761989e-01
17 4.1999999e-01 -7.2760528e-01
18 4.1999999e-01 -7.2763509e-01
19 4.1999999e-01 -7.2765499e-01
20 4.1999999e-01 -7.2759438e-01
1 4.3000001e-01 -8.6032909e-01
2 4.3000001e-01 -8.6033589e-01
3 4.3000001e-01 -8.6033422e-01
4 4.3000001e-01 -8.6022621e-01
5 4.3000001e-01 -8.6029923e-01
6 4.3000001e-01 -8.6031067e-01
7 4.3000001e-01 -8.6036986e-01
8 4.3000001e-01 -8.6029190e-01
9 4.3000001e-01 -8.6040217e-01
10 4.3000001e-01 -8.6028057e-01
11 4.3000001e-01 -8.6028886e-01
12 4.3000001e-01 -8.6032176e-01
13 4.3000001e-01 -8.6024648e-01
14 4.3000001e-01 -8.6022943e-01
15 4.3000001e-01 -8.6029309e-01
16 4.3000001e-01 -8.6033463e-01
17 4.3000001e-01 -8.6041588e-01
18 4.3000001e-01 -8.6017334e-01
19 4.3000001e-01 -8.6040127e-01
20 4.3000001e-01 -8.6030084e-01
1 4.4000000e-01 -9.5133269e-01
2 4.4000000e-01 -9.5159835e-01
3 4.4000000e-01 -9.5141155e-01
4 4.4000000e-01 -9.5151043e-01
5 4.4000000e-01 -9.5160598e-01
6 4.4000000e-01 -9.5150536e-01
7 4.4000000e-01 -9.5140797e-01
8 4.4000000e-01 -9.5142561e-01
9 4.4000000e-01 -9.5150036e-01
10 4.4000000e-01 -9.5151740e-01
11 4.4000000e-01 -9.5147628e-01
12 4.4000000e-01 -9.5173389e-01
13 4.4000000e-01 -9.5137477e-01
14 4.4000000e-01 -9.5147651e-01
15 4.4000000e-01 -9.5160788e-01
16 4.4000000e-01 -9.5149273e-01
17 4.4000000e-01 -9.5131040e-01
18 4.4000000e-01 -9.5159000e-01
19 4.4000000e-01 -9.5139998e-01
20 4.4000000e-01 -9.5145518e-01
1 4.4999999e-01 -9.9599177e-01
2 4.4999999e-01 -9.9591434e-01
3 4.4999999e-01 -9.9599236e-01
4 4.4999999e-01 -9.9606615e-01
5 4.4999999e-01 -9.9604577e-01
6 4.4999999e-01 -9.9591142e-01
7 4.4999999e-01 -9.9601668e-01
8 4.4999999e-01 -9.9603069e-01
9 4.4999999e-01 -9.9590337e-01
10 4.4999999e-01 -9.9588895e-01
11 4.4999999e-01 -9.9604446e-01
12 4.4999999e-01 -9.9592179e-01
13 4.4999999e-01 -9.9589026e-01
14 4.4999999e-01 -9.9608427e-01
15 4.4999999e-01 -9.9596751e-01
16 4.4999999e-01 -9.9608809e-01
17 4.4999999e-01 -9.9606717e-01
18 4.4999999e-01 -9.9616140e-01
19 4.4999999e-01 -9.9604875e-01
20 4.4999999e-01 -9.9608803e-01
1 4.6000001e-01 -9.9097681e-01
2 4.6000001e-01 -9.9066299e-01
3 4.6000001e-01 -9.9086910e-01
4 4.6000001e-01 -9.9101591e-01
5 4.6000001e-01 -9.9101573e-01
6 4.6000001e-01 -9.9089402e-01
7 4.6000001e-01 -9.9109900e-01
8 4.6000001e-01 -9.9094176e-01
9 4.6000001e-01 -9.9096900e-01
10 4.6000001e-01 -9.9096596e-01
11 4.6000001e-01 -9.9092537e-01
12 4.6000001e-01 -9.9070209e-01
13 4.6000001e-01 -9.9084413e-01
14 4.6000001e-01 -9.9083948e-01
15 4.6000001e-01 -9.9097854e-01
16 4.6000001e-01 -9.9095148e-01
17 4.6000001e-01 -9.9100310e-01
18 4.6000001e-01 -9.9094027e-01
19 4.6000001e-01 -9.9107248e-01
20 4.6000001e-01 -9.9090022e-01
1 4.7000000e-01 -9.3572736e-01
2 4.7000000e-01 -9.3549454e-01
3 4.7000000e-01 -9.3541515e-01
4 4.7000000e-01 -9.3560189e-01
5 4.7000000e-01 -9.3535584e-01
6 4.7000000e-01 -9.3562812e-01
7 4.7000000e-01 -9.3523824e-01
8 4.7000000e-01 -9.3551207e-01
9 4.7000000e-01 -9.3550330e-01
10 4.7000000e-01 -9.3539548e-01
11 4.7000000e-01 -9.3559927e-01
12 4.7000000e-01 -9.3556416e-01
13 4.7000000e-01 -9.3562990e-01
14 4.7000000e-01 -9.3537223e-01
15 4.7000000e-01 -9.3572783e-01
16 4.7000000e-01 -9.3534935e-01
17 4.7000000e-01 -9.3571264e-01
18 4.7000000e-01 -9.3553269e-01
19 4.7000000e-01 -9.3555462e-01
20 4.7000000e-01 -9.3564963e-01
1 4.7999999e-01 -8.3193076e-01
2 4.7999999e-01 -8.3169973e-01
3 4.7999999e-01 -8.3222741e-01
4 4.7999999e-01 -8.3165073e-01
5 4.7999999e-01 -8.3213598e-01
6 4.7999999e-01 -8.3226597e-01
7 4.7999999e-01 -8.3202255e-01
8 4.7999999e-01 -8.3168250e-01
9 4.7999999e-01 -8.3196944e-01
10 4.7999999e-01 -8.3189970e-01
11 4.7999999e-01 -8.3155334e-01
12 4.7999999e-01 -8.3157182e-01
13 4.7999999e-01 -8.3187234e-01
14 4.7999999e-01 -8.3199108e-01
15 4.7999999e-01 -8.3174956e-01
16 4.7999999e-01 -8.3190572e-01
17 4.7999999e-01 -8.3228111e-01
18 4.7999999e-01 -8.3178806e-01
19 4.7999999e-01 -8.3206671e-01
20 4.7999999e-01 -8.3197063e-01
1 4.9000001e-01 -6.8459618e-01
2 4.9000001e-01 -6.8437892e-01
3 4.9000001e-01 -6.8463159e-01
4 4.9000001e-01 -6.8433148e-01
5 4.9000001e-01 -6.8416834e-01
6 4.9000001e-01 -6.8435168e-01
7 4.9000001e-01 -6.8417245e-01
8 4.9000001e-01 -6.8421084e-01
9 4.9000001e-01 -6.8435740e-01
10 4.9000001e-01 -6.8435806e-01
11 4.9000001e-01 -6.8428355e-01
12 4.9000001e-01 -6.8496591e-01
13 4.9000001e-01 -6.8441254e-01
14 4.9000001e-01 -6.8445081e-01
15 4.9000001e-01 -6.8431401e-01
16 4.9000001e-01 -6.8451548e-01
17 4.9000001e-01 -6.8490237e-01
18 4.9000001e-01 -6.8455505e-01
19 4.9000001e-01 -6.8426907e-01
20 4.9000001e-01 -6.8434900e-01
1 5.0000000e-01 -5.0010383e-01
2 5.0000000e-01 -4.9950194e-01
3 5.0000000e-01 -5.0013345e-01
4 5.0000000e-01 -4.9991074e-01
5 5.0000000e-01 -4.9998468e-01
6 5.0000000e-01 -4.9990526e-01
7 5.0000000e-01 -4.9963519e-01
8 5.0000000e-01 -4.9984750e-01
9 5.0000000e-01 -4.9946758e-01
10 5.0000000e-01 -4.9990189e-01
11 5.0000000e-01 -5.0007170e-01
12 5.0000000e-01 -4.9999011e-01
13 5.0000000e-01 -5.0035107e-01
14 5.0000000e-01 -5.0002271e-01
15 5.0000000e-01 -4.9977446e-01
16 5.0000000e-01 -4.9999505e-01
17 5.0000000e-01 -5.0006551e-01
18 5.0000000e-01 -4.9979463e-01
19 5.0000000e-01 -4.9961394e-01
20 5.0000000e-01 -4.9982053e-01
1 5.0999999e-01 -2.8761932e-01
2 5.0999999e-01 -2.8794372e-01
3 5.0999999e-01 -2.8826401e-01
4 5.0999999e-01 -2.8754920e-01
5 5.0999999e-01 -2.8751841e-01
6 5.0999999e-01 -2.8766987e-01
7 5.0999999e-01 -2.8849301e-01
8 5.0999999e-01 -2.8813994e-01
9 5.0999999e-01 -2.8749895e-01
10 5.0999999e-01 -2.8730527e-01
11 5.0999999e-01 -2.8757975e-01
12 5.0999999e-01 -2.8845075e-01
13 5.0999999e-01 -2.8750554e-01
14 5.0999999e-01 -2.8733382e-01
15 5.0999999e-01 -2.8775895e-01
16 5.0999999e-01 -2.8746724e-01
17 5.0999999e-01 -2.8770348e-01
18 5.0999999e-01 -2.8721955e-01
19 5.0999999e-01 -2.8774491e-01
20 5.0999999e-01 -2.8844777e-01
1 5.1999998e-01 -5.8551915e-02
2 5.1999998e-01 -5.8459084e-02
3 5.1999998e-01 -5.8105722e-02
4 5.1999998e-01 -5.8222540e-02
5 5.1999998e-01 -5.8303747e-02
6 5.1999998e-01 -5.8487788e-02
7 5.1999998e-01 -5.8613859e-02
8 5.1999998e-01 -5.8455408e-02
9 5.1999998e-01 -5.8465362e-02
10 5.1999998e-01 -5.8049235e-02
11 5.1999998e-01 -5.7810497e-02
12 5.1999998e-01 -5.8460534e-02
13 5.1999998e-01 -5.8703773e-02
14 5.1999998e-01 -5.8874503e-02
15 5.1999998e-01 -5.8667775e-02
16 5.1999998e-01 -5.8625165e-02
17 5.1999998e-01 -5.8514941e-02
18 5.1999998e-01 -5.9033945e-02
19 5.1999998e-01 -5.8736332e-02
20 5.1999998e-01 -5.8615960e-02
1 5.2999997e-01 1.7537712e-01
2 5.2999997e-01 1.7589714e-01
3 5.2999997e-01 1.7530602e-01
4 5.2999997e-01 1.7544669e-01
5 5.2999997e-01 1.7594957e-01
6 5.2999997e-01 1.7590106e-01
7 5.2999997e-01 1.7620938e-01
8 5.2999997e-01 1.7530338e-01
9 5.2999997e-01 1.7605324e-01
10 5.2999997e-01 1.7536451e-01
11 5.2999997e-01 1.7555490e-01
12 5.2999997e-01 1.7554371e-01
13 5.2999997e-01 1.7525274e-01
14 5.2999997e-01 1.7509937e-01
15 5.2999997e-01 1.7535256e-01
16 5.2999997e-01 1.7592339e-01
17 5.2999997e-01 1.7551109e-01
18 5.2999997e-01 1.7604885e-01
19 5.2999997e-01 1.7592624e-01
20 5.2999997e-01 1.7537740e-01
1 5.4000002e-01 4.0139887e-01
2 5.4000002e-01 4.0176448e-01
3 5.4000002e-01 4.0155312e-01
4 5.4000002e-01 4.0159494e-01
5 5.4000002e-01 4.0181684e-01
6 5.4000002e-01 4.0119332e-01
7 5.4000002e-01 4.0176135e-01
8 5.4000002e-01 4.0194055e-01
9 5.4000002e-01 4.0131342e-01
10 5.4000002e-01 4.0161201e-01
11 5.4000002e-01 4.0230569e-01
12 5.4000002e-01 4.0135542e-01
13 5.4000002e-01 4.0202573e-01
14 5.4000002e-01 4.0136850e-01
15 5.4000002e-01 4.0119883e-01
16 5.4000002e-01 4.0128639e-01
17 5.4000002e-01 4.0167856e-01
18 5.4000002e-01 4.0148810e-01
19 5.4000002e-01 4.0219438e-01
20 5.4000002e-01 4.0160644e-01
1 5.5000001e-01 6.0575861e-01
2 5.5000001e-01 6.0627842e-01
3 5.5000001e-01 6.0579336e-01
4 5.5000001e-01 6.0688674e-01
5 5.5000001e-01 6.0658956e-01
6 5.5000001e-01 6.0714918e-01
7 5.5000001e-01 6.0593647e-01
8 5.5000001e-01 6.0597515e-01
9 5.5000001e-01 6.0641032e-01
10 5.5000001e-01 6.0692424e-01
11 5.5000001e-01 6.0714829e-01
12 5.5000001e-01 6.0624731e-01
13 5.5000001e-01 6.0647047e-01
14 5.5000001e-01 6.0645491e-01
15 5.5000001e-01 6.0700858e-01
16 5.5000001e-01 6.0652041e-01
17 5.5000001e-01 6.0663527e-01
18 5.5000001e-01 6.0609955e-01
19 5.5000001e-01 6.0712248e-01
20 5.5000001e-01 6.0674483e-01
1 5.6000000e-01 7.7912325e-01
2 5.6000000e-01 7.8005058e-01
3 5.6000000e-01 7.7882981e-01
4 5.6000000e-01 7.7859288e-01
5 5.6000000e-01 7.7842808e-01
6 5.6000000e-01 7.7959031e-01
7 5.6000000e-01 7.7885735e-01
8 5.6000000e-01 7.7897924e-01
9 5.6000000e-01 7.7838051e-01
10 5.6000000e-01 7.7783024e-01
11 5.6000000e-01 7.7714270e-01
12 5.6000000e-01 7.7704734e-01
13 5.6000000e-01 7.7911496e-01
14 5.6000000e-01 7.7832353e-01
15 5.6000000e-01 7.7954614e-01
16 5.6000000e-01 7.7789468e-01
17 5.6000000e-01 7.7759832e-01
18 5.6000000e-01 7.7776474e-01
19 5.6000000e-01 7.7763021e-01
20 5.6000000e-01 7.7933806e-01
1 5.6999999e-01 9.0671647e-01
2 5.6999999e-01 9.0701175e-01
3 5.6999999e-01 9.0540773e-01
4 5.6999999e-01 9.0565199e-01
5 5.6999999e-01 9.0589410e-01
6 5.6999999e-01 9.0648139e-01
7 5.6999999e-01 9.0641260e-01
8 5.6999999e-01 9.0715826e-01
9 5.6999999e-01 9.0658766e-01
10 5.6999999e-01 9.0624553e-01
11 5.6999999e-01 9.0598166e-01
12 5.6999999e-01 9.0781659e-01
13 5.6999999e-01 9.0701151e-01
14 5.6999999e-01 9.0621603e-01
15 5.6999999e-01 9.0639418e-01
16 5.6999999e-01 9.0634143e-01
17 5.6999999e-01 9.0573537e-01
18 5.6999999e-01 9.0713161e-01
19 5.6999999e-01 9.0648335e-01
20 5.6999999e-01 9.0843928e-01
1 5.7999998e-01 9.8134106e-01
2 5.7999998e-01 9.8179907e-01
3 5.7999998e-01 9.8244703e-01
4 5.7999998e-01 9.8263115e-01
5 5.7999998e-01 9.8262697e-01
6 5.7999998e-01 9.8212677e-01
7 5.7999998e-01 9.8315835e-01
8 5.7999998e-01 9.8159802e-01
9 5.7999998e-01 9.8310155e-01
10 5.7999998e-01 9.8106509e-01
11 5.7999998e-01 9.8072225e-01
12 5.7999998e-01 9.8262745e-01
13 5.7999998e-01 9.8298645e-01
14 5.7999998e-01 9.8153037e-01
15 5.7999998e-01 9.8050565e-01
16 5.7999998e-01 9.8272902e-01
17 5.7999998e-01 9.8212284e-01
18 5.7999998e-01 9.8110211e-01
19 5.7999998e-01 9.8351663e-01
20 5.7999998e-01 9.8045963e-01
1 5.8999997e-01 9.9987972e-01
2 5.8999997e-01 9.9782139e-01
3 5.8999997e-01 1.0002208e+00
4 5.8999997e-01 9.9852651e-01
5 5.8999997e-01 9.9923289e-01
6 5.8999997e-01 9.9979782e-01
7 5.8999997e-01 9.9628168e-01
8 5.8999997e-01 9.9678802e-01
9 5.8999997e-01 9.9650621e-01
10 5.8999997e-01 9.9742192e-01
11 5.8999997e-01 9.9711096e-01
12 5.8999997e-01 9.9889207e-01
13 5.8999997e-01 9.9870187e-01
14 5.8999997e-01 9.9837685e-01
15 5.8999997e-01 9.9630576e-01
16 5.8999997e-01 9.9952418e-01
17 5.8999997e-01 1.0002551e+00
18 5.8999997e-01 9.9848866e-01
19 5.8999997e-01 9.9819833e-01
20 5.8999997e-01 9.9945849e-01
1 6.0000002e-01 9.5205063e-01
2 6.0000002e-01 9.5209914e-01
3 6.0000002e-01 9.5514357e-01
4 6.0000002e-01 9.5302081e-01
5 6.0000002e-01 9.5536268e-01
6 6.0000002e-01 9.5430440e-01
7 6.0000002e-01 9.5436019e-01
8 6.0000002e-01 9.5448607e-01
9 6.0000002e-01 9.5550054e-01
10 6.0000002e-01 9.5504475e-01
11 6.0000002e-01 9.5315683e-01
12 6.0000002e-01 9.5558447e-01
13 6.0000002e-01 9.5525461e-01
14 6.0000002e-01 9.5506155e-01
15 6.0000002e-01 9.5564091e-01
16 6.0000002e-01 9.5421845e-01
17 6.0000002e-01 9.5356119e-01
18 6.0000002e-01 9.5439190e-01
19 6.0000002e-01 9.5427638e-01
20 6.0000002e-01 9.5406002e-01
1 6.1000001e-01 8.4936577e-01
2 6.1000001e-01 8.5149741e-01
3 6.1000001e-01 8.4677893e-01
4 6.1000001e-01 8.5221189e-01
5 6.1000001e-01 8.5212302e-01
6 6.1000001e-01 8.5002923e-01
7 6.1000001e-01 8.4991688e-01
8 6.1000001e-01 8.4913135e-01
9 6.1000001e-01 8.5042596e-01
10 6.1000001e-01 8.4687901e-01
11 6.1000001e-01 8.5033661e-01
12 6.1000001e-01 8.4889591e-01
13 6.1000001e-01 8.4878445e-01
14 6.1000001e-01 8.4823114e-01
15 6.1000001e-01 8.5075080e-01
16 6.1000001e-01 8.5096049e-01
17 6.1000001e-01 8.4921277e-01
18 6.1000001e-01 8.4777617e-01
19 6.1000001e-01 8.5216951e-01
20 6.1000001e-01 8.5023743e-01
1 6.2000000e-01 6.8924427e-01
2 6.2000000e-01 6.9102293e-01
3 6.2000000e-01 6.8756074e-01
4 6.2000000e-01 6.9116175e-01
5 6.2000000e-01 6.8729049e-01
6 6.2000000e-01 6.9074267e-01
7 6.2000000e-01 6.9222152e-01
8 6.2000000e-01 6.8866163e-01
9 6.2000000e-01 6.9132799e-01
10 6.2000000e-01 6.8661201e-01
11 6.2000000e-01 6.8744236e-01
12 6.2000000e-01 6.9277936e-01
13 6.2000000e-01 6.9021273e-01
14 6.2000000e-01 6.9067150e-01
15 6.2000000e-01 6.9014227e-01
16 6.2000000e-01 6.9233912e-01
17 6.2000000e-01 6.9521904e-01
18 6.2000000e-01 6.8881243e-01
19 6.2000000e-01 6.8981415e-01
20 6.2000000e-01 6.8918294e-01
1 6.3000000e-01 4.8675951e-01
2 6.3000000e-01 4.8056358e-01
3 6.3000000e-01 4.8427713e-01
4 6.3000000e-01 4.8596171e-01
5 6.3000000e-01 4.7982714e-01
6 6.3000000e-01 4.8751351e-01
7 6.3000000e-01 4.8704612e-01
8 6.3000000e-01 4.8837432e-01
9 6.3000000e-01 4.8504707e-01
10 6.3000000e-01 4.8871022e-01
11 6.3000000e-01 4.8557520e-01
12 6.3000000e-01 4.8469278e-01
13 6.3000000e-01 4.8626775e-01
14 6.3000000e-01 4.8448634e-01
15 6.3000000e-01 4.8779118e-01
16 6.3000000e-01 4.8603481e-01
17 6.3000000e-01 4.8423421e-01
18 6.3000000e-01 4.8869309e-01
19 6.3000000e-01 4.8658267e-01
20 6.3000000e-01 4.8903358e-01
1 6.3999999e-01 2.4255531e-01
2 6.3999999e-01 2.4557239e-01
3 6.3999999e-01 2.4723455e-01
4 6.3999999e-01 2.4470912e-01
5 6.3999999e-01 2.4417578e-01
6 6.3999999e-01 2.4918629e-01
7 6.3999999e-01 2.4454376e-01
8 6.3999999e-01 2.4516164e-01
9 6.3999999e-01 2.4534062e-01
10 6.3999999e-01 2.4293353e-01
11 6.3999999e-01 2.5017363e-01
12 6.3999999e-01 2.4491361e-01
13 6.3999999e-01 2.4588612e-01
14 6.3999999e-01 2.4925525e-01
15 6.3999999e-01 2.4325661e-01
16 6.3999999e-01 2.4585178e-01
17 6.3999999e-01 2.4402848e-01
18 6.3999999e-01 2.4194124e-01
19 6.3999999e-01 2.3919803e-01
20 6.3999999e-01 2.4700607e-01
1 6.4999998e-01 -1.3296655e-02
2 6.4999998e-01 -1.5856709e-02
3 6.4999998e-01 -1.2268050e-02
4 6.4999998e-01 -1.3271081e-02
5 6.4999998e-01 -1.7985985e-02
6 6.4999998e-01 -1.7530313e-02
7 6.4999998e-01 -1.3176586e-02
8 6.4999998e-01 -1.8763606e-02
9 6.4999998e-01 -9.6123535e-03
10 6.4999998e-01 -1.0764694e-02
11 6.4999998e-01 -1.2705702e-02
12 6.4999998e-01 -1.8102162e-02
13 6.4999998e-01 -1.5177921e-02
14 6.4999998e-01 -1.0652514e-02
15 6.4999998e-01 -1.3039412e-02
16 6.4999998e-01 -1.2425383e-02
17 6.4999998e-01 -1.3533435e-02
18 6.4999998e-01 -1.5186182e-02
19 6.4999998e-01 -1.2008546e-02
20 6.4999998e-01 -1.0493184e-02
1 6.6000003e-01 -2.7433842e-01
2 6.6000003e-01 -2.7271026e-01
3 6.6000003e-01 -2.7378792e-01
4 6.6000003e-01 -2.7660882e-01
5 6.6000003e-01 -2.7067339e-01
6 6.6000003e-01 -2.7321187e-01
7 6.6000003e-01 -2.7670416e-01
8 6.6000003e-01 -2.7375409e-01
9 6.6000003e-01 -2.8083470e-01
10 6.6000003e-01 -2.7319944e-01
11 6.6000003e-01 -2.7412075e-01
12 6.6000003e-01 -2.7043626e-01
13 6.6000003e-01 -2.7891013e-01
14 6.6000003e-01 -2.7217844e-01
15 6.6000003e-01 -2.7002516e-01
16 6.6000003e-01 -2.7234372e-01
17 6.6000003e-01 -2.7374130e-01
18 6.6000003e-01 -2.8026032e-01
19 6.6000003e-01 -2.7545482e-01
20 6.6000003e-01 -2.7574998e-01
1 6.7000002e-01 -5.1830161e-01
2 6.7000002e-01 -5.2344239e-01
3 6.7000002e-01 -5.0867110e-01
4 6.7000002e-01 -5.2220613e-01
5 6.7000002e-01 -5.1745206e-01
6 6.7000002e-01 -5.1490569e-01
7 6.7000002e-01 -5.2038783e-01
8 6.7000002e-01 -5.2144176e-01
9 6.7000002e-01 -5.1556998e-01
10 6.7000002e-01 -5.2096844e-01
11 6.7000002e-01 -5.2901137e-01
12 6.7000002e-01 -5.1690227e-01
13 6.7000002e-01 -5.2485812e-01
14 6.7000002e-01 -5.1634580e-01
15 6.7000002e-01 -5.2159381e-01
16 6.7000002e-01 -5.1357883e-01
17 6.7000002e-01 -5.2103537e-01
18 6.7000002e-01 -5.2067924e-01
19 6.7000002e-01 -5.2388775e-01
20 6.7000002e-01 -5.1940250e-01
1 6.8000001e-01 -7.3364562e-01
2 6.8000001e-01 -7.2677785e-01
3 6.8000001e-01 -7.2603744e-01
4 6.8000001e-01 -7.3180699e-01
5 6.8000001e-01 -7.2894073e-01
6 6.8000001e-01 -7.3031497e-01
7 6.8000001e-01 -7.3058581e-01
8 6.8000001e-01 -7.3240632e-01
9 6.8000001e-01 -7.3149753e-01
10 6.8000001e-01 -7.2733384e-01
11 6.8000001e-01 -7.2853440e-01
12 6.8000001e-01 -7.3304176e-01
13 6.8000001e-01 -7.3331952e-01
14 6.8000001e-01 -7.3720974e-01
15 6.8000001e-01 -7.3303556e-01
16 6.8000001e-01 -7.3055786e-01
17 6.8000001e-01 -7.4098253e-01
18 6.8000001e-01 -7.3371190e-01
19 6.8000001e-01 -7.3281080e-01
20 6.8000001e-01 -7.3294514e-01
1 6.9000000e-01 -8.9531487e-01
2 6.9000000e-01 -8.8518637e-01
3 6.9000000e-01 -8.8214248e-01
4 6.9000000e-01 -8.8432527e-01
5 6.9000000e-01 -8.9271140e-01
6 6.9000000e-01 -8.9534366e-01
7 6.9000000e-01 -8.9005804e-01
8 6.9000000e-01 -8.8651711e-01
9 6.9000000e-01 -8.9419746e-01
10 6.9000000e-01 -8.8668776e-01
11 6.9000000e-01 -8.8628876e-01
12 6.9000000e-01 -8.8643789e-01
13 6.9000000e-01 -8.7800497e-01
14 6.9000000e-01 -8.9256215e-01
15 6.9000000e-01 -8.8023216e-01
16 6.9000000e-01 -8.8152081e-01
17 6.9000000e-01 -8.8608009e-01
18 6.9000000e-01 -8.8842243e-01
19 6.9000000e-01 -8.8736367e-01
20 6.9000000e-01 -8.9377862e-01
1 6.9999999e-01 -9.8496103e-01
2 6.9999999e-01 -9.6682358e-01
3 6.9999999e-01 -9.7290528e-01
4 6.9999999e-01 -9.8756957e-01
5 6.9999999e-01 -9.7218412e-01
6 6.9999999e-01 -9.8579609e-01
7 6.9999999e-01 -9.8181403e-01
8 6.9999999e-01 -9.7387320e-01
9 6.9999999e-01 -9.7304821e-01
10 6.9999999e-01 -9.9323428e-01
11 6.9999999e-01 -9.8342198e-01
12 6.9999999e-01 -9.8020691e-01
13 6.9999999e-01 -9.8482466e-01
14 6.9999999e-01 -9.7482520e-01
15 6.9999999e-01 -9.8358643e-01
16 6.9999999e-01 -9.8361832e-01
17 6.9999999e-01 -9.7271603e-01
18 6.9999999e-01 -9.8302233e-01
19 6.9999999e-01 -9.8254788e-01
20 6.9999999e-01 -9.7665864e-01
1 7.0999998e-01 -9.9026418e-01
2 7.0999998e-01 -1.0185161e+00
3 7.0999998e-01 -9.9767625e-01
4 7.0999998e-01 -9.9618179e-01
5 7.0999998e-01 -1.0185338e+00
6 7.0999998e-01 -9.8277283e-01
7 7.0999998e-01 -9.9253374e-01
8 7.0999998e-01 -9.9793935e-01
9 7.0999998e-01 -9.9236065e-01
10 7.0999998e-01 -9.9365330e-01
11 7.0999998e-01 -1.0060465e+00
12 7.0999998e-01 -9.8968476e-01
13 7.0999998e-01 -9.9313092e-01
14 7.0999998e-01 -9.8192668e-01
15 7.0999998e-01 -1.0020405e+00
16 7.0999998e-01 -9.9343461e-01
17 7.0999998e-01 -1.0045512e+00
18 7.0999998e-01 -9.8605078e-01
19 7.0999998e-01 -9.8545474e-01
20 7.0999998e-01 -9.8310548e-01
1 7.2000003e-01 -9.2947561e-01
2 7.2000003e-01 -9.2954415e-01
3 7.2000003e-01 -9.2456084e-01
4 7.2000003e-01 -9.4393820e-01
5 7.2000003e-01 -9.5190746e-01
6 7.2000003e-01 -9.3169904e-01
7 7.2000003e-01 -9.4578576e-01
8 7.2000003e-01 -9.1610062e-01
9 7.2000003e-01 -9.0446675e-01
10 7.2000003e-01 -9.4703335e-01
11 7.2000003e-01 -9.2537338e-01
12 7.2000003e-01 -9.2969549e-01
13 7.2000003e-01 -9.2276585e-01
14 7.2000003e-01 -9.4849074e-01
15 7.2000003e-01 -9.1440511e-01
16 7.2000003e-01 -9.2589027e-01
17 7.2000003e-01 -9.3777937e-01
18 7.2000003e-01 -9.4713789e-01
19 7.2000003e-01 -9.3041283e-01
20 7.2000003e-01 -9.6219003e-01
1 7.3000002e-01 -7.9046655e-01
2 7.3000002e-01 -7.8195369e-01
3 7.3000002e-01 -7.8485286e-01
4 7.3000002e-01 -7.9542857e-01
5 7.3000002e-01 -7.7626741e-01
6 7.3000002e-01 -7.8135604e-01
7 7.3000002e-01 -7.8134471e-01
8 7.3000002e-01 -7.8109270e-01
9 7.3000002e-01 -7.8992373e-01
10 7.3000002e-01 -7.9501772e-01
11 7.3000002e-01 -8.0483246e-01
12 7.3000002e-01 -7.7481860e-01
13 7.3000002e-01 -7.7143490e-01
14 7.3000002e-01 -7.9398423e-01
15 7.3000002e-01 -7.9152286e-01
16 7.3000002e-01 -7.7718699e-01
17 7.3000002e-01 -7.8611016e-01
18 7.3000002e-01 -7.7967107e-01
19 7.3000002e-01 -8.0447662e-01
20 7.3000002e-01 -7.9005855e-01
1 7.4000001e-01 -5.7803625e-01
2 7.4000001e-01 -5.8895904e-01
3 7.4000001e-01 -5.9015340e-01
4 7.4000001e-01 -5.6313908e-01
5 7.4000001e-01 -5.7775724e-01
6 7.4000001e-01 -5.7022166e-01
7 7.4000001e-01 -5.9162879e-01
8 7.4000001e-01 -5.6691641e-01
9 7.4000001e-01 -5.7510585e-01
10 7.4000001e-01 -5.5966115e-01
11 7.4000001e-01 -5.7761866e-01
12 7.4000001e-01 -5.7829183e-01
13 7.4000001e-01 -5.6778550e-01
14 7.4000001e-01 -5.8122569e-01
15 7.4000001e-01 -5.7182807e-01
16 7.4000001e-01 -6.0879391e-01
17 7.4000001e-01 -5.7964414e-01
18 7.4000001e-01 -5.6894833e-01
19 7.4000001e-01 -6.1816263e-01
20 7.4000001e-01 -5.7265049e-01
1 7.5000000e-01 -3.0652580e-01
2 7.5000000e-01 -2.9343599e-01
3 7.5000000e-01 -2.8272247e-01
4 7.5000000e-01 -3.0365112e-01
5 7.5000000e-01 -3.2356483e-01
6 7.5000000e-01 -3.3264780e-01
7 7.5000000e-01 -3.0379960e-01
8 7.5000000e-01 -3.0113482e-01
9 7.5000000e-01 -3.2853767e-01
10 7.5000000e-01 -3.1506678e-01
11 7.5000000e-01 -3.1102866e-01
12 7.5000000e-01 -3.1246075e-01
13 7.5000000e-01 -3.0533522e-01
14 7.5000000e-01 -2.9773706e-01
15 7.5000000e-01 -3.0966792e-01
16 7.5000000e-01 -3.2207930e-01
17 7.5000000e-01 -3.0773509e-01
18 7.5000000e-01 -2.8678280e-01
19 7.5000000e-01 -3.0217472e-01
20 7.5000000e-01 -3.1236374e-01
1 7.5999999e-01 -1.3772429e-02
2 7.5999999e-01 -2.5435289e-02
3 7.5999999e-01 -4.2016894e-02
4 7.5999999e-01 3.7043937e-02
5 7.5999999e-01 -3.0086486e-02
6 7.5999999e-01 -1.7565034e-02
7 7.5999999e-01 -6.1947620e-03
8 7.5999999e-01 6.0861376e-03
9 7.5999999e-01 -1.5556275e-02
10 7.5999999e-01 -5.7751447e-02
11 7.5999999e-01 -7.1047880e-03
12 7.5999999e-01 5.6058946e-03
13 7.5999999e-01 -9.7371936e-03
14 7.5999999e-01 -3.3474550e-02
15 7.5999999e-01 -2.8811656e-02
16 7.5999999e-01 3.0372414e-04
17 7.5999999e-01 -4.4139661e-02
18 7.5999999e-01 1.6203431e-02
19 7.5999999e-01 -2.2561540e-05
20 7.5999999e-01 1.1317431e-02
1 7.6999998e-01 2.9686880e-01
2 7.6999998e-01 3.2144898e-01
3 7.6999998e-01 3.2038018e-01
4 7.6999998e-01 3.1136727e-01
5 7.6999998e-01 3.4006822e-01
6 7.6999998e-01 2.6247680e-01
7 7.6999998e-01 2.4888834e-01
8 7.6999998e-01 3.0653566e-01
9 7.6999998e-01 2.8699332e-01
10 7.6999998e-01 2.7381128e-01
11 7.6999998e-01 3.0156541e-01
12 7.6999998e-01 2.9695526e-01
13 7.6999998e-01 3.0603844e-01
14 7.6999998e-01 2.8992191e-01
15 7.6999998e-01 2.9742220e-01
16 7.6999998e-01 3.1684157e-01
17 7.6999998e-01 3.0270502e-01
18 7.6999998e-01 2.8876078e-01
19 7.6999998e-01 2.6715729e-01
20 7.6999998e-01 3.0739671e-01
1 7.7999997e-01 6.1727136e-01
2 7.7999997e-01 5.7564366e-01
3 7.7999997e-01 5.6945860e-01
4 7.7999997e-01 5.7350802e-01
5 7.7999997e-01 5.6743693e-01
6 7.7999997e-01 5.8879739e-01
7 7.7999997e-01 5.9585100e-01
8 7.7999997e-01 5.9904826e-01
9 7.7999997e-01 5.0645739e-01
10 7.7999997e-01 6.0687298e-01
11 7.7999997e-01 5.4525876e-01
12 7.7999997e-01 5.9073520e-01
13 7.7999997e-01 5.7081389e-01
14 7.7999997e-01 6.2118465e-01
15 7.7999997e-01 5.6441265e-01
16 7.7999997e-01 5.8583248e-01
17 7.7999997e-01 5.2362007e-01
18 7.7999997e-01 5.5840367e-01
19 7.7999997e-01 5.9104002e-01
20 7.7999997e-01 5.7373995e-01
1 7.9000002e-01 7.9550129e-01
2 7.9000002e-01 8.5094470e-01
3 7.9000002e-01 7.6543397e-01
4 7.9000002e-01 7.9822689e-01
5 7.9000002e-01 8.0723041e-01
6 7.9000002e-01 7.9083151e-01
7 7.9000002e-01 7.9879558e-01
8 7.9000002e-01 8.1203228e-01
9 7.9000002e-01 8.0035532e-01
10 7.9000002e-01 8.3771145e-01
11 7.9000002e-01 7.8968781e-01
12 7.9000002e-01 8.4014189e-01
13 7.9000002e-01 8.1246352e-01
14 7.9000002e-01 8.4135485e-01
15 7.9000002e-01 7.9060411e-01
16 7.9000002e-01 8.7623668e-01
17 7.9000002e-01 7.8999698e-01
18 7.9000002e-01 8.0351871e-01
19 7.9000002e-01 8.1224626e-01
20 7.9000002e-01 8.6501741e-01
1 8.0000001e-01 9.1364086e-01
2 8.0000001e-01 9.4312382e-01
3 8.0000001e-01 9.5322567e-01
4 8.0000001e-01 9.8730439e-01
5 8.0000001e-01 9.0974069e-01
6 8.0000001e-01 9.6701264e-01
7 8.0000001e-01 9.6227348e-01
8 8.0000001e-01 1.0153086e+00
9 8.0000001e-01 9.3447149e-01
10 8.0000001e-01 9.7103977e-01
11 8.0000001e-01 8.8752598e-01
12 8.0000001e-01 9.5161462e-01
13 8.0000001e-01 9.1531485e-01
14 8.0000001e-01 1.0218772e+00
15 8.0000001e-01 9.2945951e-01
16 8.0000001e-01 1.0159215e+00
17 8.0000001e-01 9.6944857e-01
18 8.0000001e-01 1.0241013e+00
19 8.0000001e-01 9.5273662e-01
20 8.0000001e-01 9.2698878e-01
1 8.1000000e-01 1.0226699e+00
2 8.1000000e-01 1.0285593e+00
3 8.1000000e-01 1.0535196e+00
4 8.1000000e-01 1.0204660e+00
5 8.1000000e-01 9.5747769e-01
6 8.1000000e-01 1.0165710e+00
7 8.1000000e-01 9.8312670e-01
8 8.1000000e-01 1.0121289e+00
9 8.1000000e-01 9.9617362e-01
10 8.1000000e-01 9.8229706e-01
11 8.1000000e-01 9.9195588e-01
12 8.1000000e-01 9.7958797e-01
13 8.1000000e-01 9.6862322e-01
14 8.1000000e-01 1.0083655e+00
15 8.1000000e-01 1.0227908e+00
16 8.1000000e-01 9.5599306e-01
17 8.1000000e-01 1.0473222e+00
18 8.1000000e-01 1.0504854e+00
19 8.1000000e-01 9.7960609e-01
20 8.1000000e-01 1.0122854e+00
1 8.1999999e-01 9.7959346e-01
2 8.1999999e-01 8.7825328e-01
3 8.1999999e-01 9.3941224e-01
4 8.1999999e-01 9.7624475e-01
5 8.1999999e-01 9.2564636e-01
6 8.1999999e-01 9.3228924e-01
7 8.1999999e-01 9.3275344e-01
8 8.1999999e-01 9.7865188e-01
9 8.1999999e-01 9.3678957e-01
10 8.1999999e-01 8.9603204e-01
11 8.1999999e-01 8.2857680e-01
12 8.1999999e-01 9.3400633e-01
13 8.1999999e-01 8.9120382e-01
14 8.1999999e-01 8.7786609e-01
15 8.1999999e-01 8.9891821e-01
16 8.1999999e-01 9.2060751e-01
17 8.1999999e-01 9.1003823e-01
18 8.1999999e-01 8.9235950e-01
19 8.1999999e-01 9.1991240e-01
20 8.1999999e-01 8.8090003e-01
1 8.2999998e-01 8.1210995e-01
2 8.2999998e-01 7.8610289e-01
3 8.2999998e-01 7.8457648e-01
4 8.2999998e-01 7.9332137e-01
5 8.2999998e-01 6.9753027e-01
6 8.2999998e-01 6.8497694e-01
7 8.2999998e-01 7.5382763e-01
8 8.2999998e-01 7.0547783e-01
9 8.2999998e-01 8.1122601e-01
10 8.2999998e-01 8.1753117e-01
11 8.2999998e-01 7.4539375e-01
12 8.2999998e-01 7.6945615e-01
13 8.2999998e-01 7.3276877e-01
14 8.2999998e-01 6.8956655e-01
15 8.2999998e-01 7.6076454e-01
16 8.2999998e-01 7.3389745e-01
17 8.2999998e-01 7.7420473e-01
18 8.2999998e-01 6.8118739e-01
19 8.2999998e-01 7.8718132e-01
20 8.2999998e-01 8.4887058e-01
1 8.3999997e-01 4.5215756e-01
2 8.3999997e-01 5.8238602e-01
3 8.3999997e-01 5.0993645e-01
4 8.3999997e-01 5.6330281e-01
5 8.3999997e-01 4.0467790e-01
6 8.3999997e-01 3.8818613e-01
7 8.3999997e-01 4.4668889e-01
8 8.3999997e-01 4.3987948e-01
9 8.3999997e-01 3.8387781e-01
10 8.3999997e-01 3.9855096e-01
11 8.3999997e-01 5.1089513e-01
12 8.3999997e-01 4.5739207e-01
13 8.3999997e-01 4.3827957e-01
14 8.3999997e-01 4.2343208e-01
15 8.3999997e-01 5.0280988e-01
16 8.3999997e-01 4.9391508e-01
17 8.3999997e-01 4.4271743e-01
18 8.3999997e-01 4.1365549e-01
19 8.3999997e-01 4.2323920e-01
20 8.3999997e-01 4.6977955e-01
1 8.5000002e-01 8.4719248e-02
2 8.5000002e-01 2.1825962e-01
3 8.5000002e-01 8.1646070e-02
4 8.5000002e-01 2.3322335e-02
5 8.5000002e-01 8.3467208e-02
6 8.5000002e-01 6.3105419e-02
7 8.5000002e-01 1.2479083e-01
8 8.5000002e-01 1.8973364e-01
9 8.5000002e-01 -3.1392146e-02
10 8.5000002e-01 -3.1999536e-02
11 8.5000002e-01 1.1731652e-01
12 8.5000002e-01 2.7881194e-02
13 8.5000002e-01 7.9728618e-02
14 8.5000002e-01 2.7496856e-01
15 8.5000002e-01 7.5527400e-02
16 8.5000002e-01 -3.8387608e-02
17 8.5000002e-01 1.1763684e-01
18 8.5000002e-01 2.3797426e-01
19 8.5000002e-01 1.4513654e-01
20 8.5000002e-01 2.0620162e-02
1 8.6000001e-01 -2.3325686e-01
2 8.6000001e-01 -2.1399717e-01
3 8.6000001e-01 -4.7887463e-02
4 8.6000001e-01 -3.7442744e-01
5 8.6000001e-01 -3.7284777e-01
6 8.6000001e-01 -2.5631008e-01
7 8.6000001e-01 -3.9898175e-01
8 8.6000001e-01 -3.2674006e-01
9 8.6000001e-01 -1.7247474e-01
10 8.6000001e-01 -2.9059300e-01
11 8.6000001e-01 -1.8460234e-01
12 8.6000001e-01 -2.6049182e-01
13 8.6000001e-01 -1.9733524e-01
14 8.6000001e-01 -2.5816721e-01
15 8.6000001e-01 -3.6176565e-01
16 8.6000001e-01 -2.3672342e-01
17 8.6000001e-01 -2.6961705e-01
18 8.6000001e-01 -3.2351261e-01
19 8.6000001e-01 -2.6916319e-01
20 8.6000001e-01 -2.9600263e-01
1 8.7000000e-01 -5.5426198e-01
2 8.7000000e-01 -5.6863409e-01
3 8.7000000e-01 -6.7411757e-01
4 8.7000000e-01 -5.5924559e-01
5 8.7000000e-01 -7.7073509e-01
6 8.7000000e-01 -6.9631261e-01
7 8.7000000e-01 -6.6150224e-01
8 8.7000000e-01 -6.4841813e-01
9 8.7000000e-01 -5.8839011e-01
10 8.7000000e-01 -6.6827738e-01
11 8.7000000e-01 -6.2973613e-01
12 8.7000000e-01 -6.2938011e-01
13 8.7000000e-01 -6.6330791e-01
14 8.7000000e-01 -7.1483636e-01
15 8.7000000e-01 -6.6490412e-01
16 8.7000000e-01 -5.5243856e-01
17 8.7000000e-01 -8.6572307e-01
18 8.7000000e-01 -7.9514259e-01
19 8.7000000e-01 -6.8900812e-01
20 8.7000000e-01 -6.3824904e-01
1 8.8000000e-01 -9.6114558e-01
2 8.8000000e-01 -1.0079676e+00
3 8.8000000e-01 -7.5920308e-01
4 8.8000000e-01 -9.1503239e-01
5 8.8000000e-01 -1.0453155e+00
6 8.8000000e-01 -1.0074147e+00
7 8.8000000e-01 -1.0033221e+00
8 8.8000000e-01 -9.9587649e-01
9 8.8000000e-01 -9.1490066e-01
10 8.8000000e-01 -8.5433102e-01
11 8.8000000e-01 -8.8078743e-01
12 8.8000000e-01 -9.1997945e-01
13 8.8000000e-01 -1.0566378e+00
14 8.8000000e-01 -8.2218170e-01
15 8.8000000e-01 -8.2963669e-01
16 8.8000000e-01 -7.3534358e-01
17 8.8000000e-01 -8.0453789e-01
18 8.8000000e-01 -7.5650644e-01
19 8.8000000e-01 -9.0788496e-01
20 8.8000000e-01 -8.3919060e-01
1 8.8999999e-01 -1.0485997e+00
2 8.8999999e-01 -8.5185993e-01
3 8.8999999e-01 -9.2462307e-01
4 8.8999999e-01 -9.5148838e-01
5 8.8999999e-01 -1.1035701e+00
6 8.8999999e-01 -1.1700798e+00
7 8.8999999e-01 -9.2431545e-01
8 8.8999999e-01 -1.0457129e+00
9 8.8999999e-01 -8.8588047e-01
10 8.8999999e-01 -1.0070659e+00
11 8.8999999e-01 -1.0403851e+00
12 8.8999999e-01 -1.0904230e+00
13 8.8999999e-01 -9.0722227e-01
14 8.8999999e-01 -1.1694180e+00
15 8.8999999e-01 -1.1079804e+00
16 8.8999999e-01 -9.7086817e-01
17 8.8999999e-01 -8.1045008e-01
18 8.8999999e-01 -1.1347780e+00
19 8.8999999e-01 -9.4840157e-01
20 8.8999999e-01 -1.2195301e+00
1 8.9999998e-01 -9.3838167e-01
2 8.9999998e-01 -6.4800054e-01
3 8.9999998e-01 -1.0507400e+00
4 8.9999998e-01 -1.0188671e+00
5 8.9999998e-01 -8.5642433e-01
6 8.9999998e-01 -8.4550083e-01
7 8.9999998e-01 -7.7735114e-01
8 8.9999998e-01 -7.9335362e-01
9 8.9999998e-01 -8.1053996e-01
10 8.9999998e-01 -8.9325655e-01
11 8.9999998e-01 -6.5875816e-01
12 8.9999998e-01 -6.9940639e-01
13 8.9999998e-01 -9.1311526e-01
14 8.9999998e-01 -1.0093471e+00
15 8.9999998e-01 -8.1020159e-01
16 8.9999998e-01 -7.4053669e-01
17 8.9999998e-01 -8.7068081e-01
18 8.9999998e-01 -1.0830792e+00
19 8.9999998e-01 -9.6782231e-01
20 8.9999998e-01 -9.4734144e-01
1 9.1000003e-01 -8.8482749e-01
2 9.1000003e-01 -4.6732983e-01
3 9.1000003e-01 -8.1484526e-01
4 9.1000003e-01 -5.5985802e-01
5 9.1000003e-01 -6.2768036e-01
6 9.1000003e-01 -3.8305017e-01
7 9.1000003e-01 -4.9441445e-01
8 9.1000003e-01 -5.8929712e-01
9 9.1000003e-01 -3.6410764e-01
10 9.1000003e-01 -4.4421697e-01
11 9.1000003e-01 -7.8718734e-01
12 9.1000003e-01 -4.7749758e-01
13 9.1000003e-01 -6.1578381e-01
14 9.1000003e-01 -9.6948630e-01
15 9.1000003e-01 -5.4435766e-01
16 9.1000003e-01 -5.6669235e-01
17 9.1000003e-01 -7.0708621e-01
18 9.1000003e-01 -6.9316983e-01
19 9.1000003e-01 -7.1947324e-01
20 9.1000003e-01 -6.8397623e-01
1 9.2000002e-01 -3.0201373e-01
2 9.2000002e-01 2.9144579e-01
3 9.2000002e-01 5.3396981e-02
4 9.2000002e-01 6.2129546e-02
5 9.2000002e-01 -2.9993993e-01
6 9.2000002e-01 -4.6913922e-01
7 9.2000002e-01 -2.1616276e-01
8 9.2000002e-01 -3.4509796e-01
9 9.2000002e-01 -3.1355143e-01
10 9.2000002e-01 -1.1554649e-01
11 9.2000002e-01 8.4367745e-02
12 9.2000002e-01 -4.3488789e-01
13 9.2000002e-01 -1.6789661e-01
14 9.2000002e-01 -3.2939509e-01
15 9.2000002e-01 6.0149767e-02
16 9.2000002e-01 -4.5187464e-01
17 9.2000002e-01 -3.6116463e-01
18 9.2000002e-01 -4.8605475e-01
19 9.2000002e-01 2.0700082e-02
20 9.2000002e-01 -3.2717505e-01
1 9.3000001e-01 2.7422267e-01
2 9.3000001e-01 1.1156313e-01
3 9.3000001e-01 5.7283545e-01
4 9.3000001e-01 4.4827878e-01
5 9.3000001e-01 2.6206088e-01
6 9.3000001e-01 -2.3147887e-02
7 9.3000001e-01 6.6078687e-01
8 9.3000001e-01 4.4842876e-02
9 9.3000001e-01 3.6979198e-02
10 9.3000001e-01 7.2973657e-01
11 9.3000001e-01 2.5018951e-01
12 9.3000001e-01 2.1828879e-01
13 9.3000001e-01 5.6411419e-02
14 9.3000001e-01 5.6075621e-01
15 9.3000001e-01 9.8079100e-02
16 9.3000001e-01 5.5525494e-01
17 9.3000001e-01 4.8127168e-01
18 9.3000001e-01 4.6005356e-01
19 9.3000001e-01 4.0588582e-01
20 9.3000001e-01 5.1073456e-01
1 9.4000000e-01 7.6301450e-01
2 9.4000000e-01 7.4262768e-01
3 9.4000000e-01 9.6342862e-01
4 9.4000000e-01 5.9826577e-01
5 9.4000000e-01 6.6761625e-01
6 9.4000000e-01 8.0860394e-01
7 9.4000000e-01 9.1257030e-01
8 9.4000000e-01 8.7989914e-01
9 9.4000000e-01 1.1502314e+00
10 9.4000000e-01 6.3098532e-01
11 9.4000000e-01 8.9001578e-01
12 9.4000000e-01 9.9134469e-01
13 9.4000000e-01 2.3331149e-01
14 9.4000000e-01 1.3605672e+00
15 9.4000000e-01 9.1839021e-01
16 9.4000000e-01 1.0551935e+00
17 9.4000000e-01 1.4388038e+00
18 9.4000000e-01 7.6188445e-01
19 9.4000000e-01 1.1363492e+00
20 9.4000000e-01 7.8368556e-01
1 9.4999999e-01 9.0362310e-01
2 9.4999999e-01 6.6796404e-01
3 9.4999999e-01 9.9465013e-01
4 9.4999999e-01 1.1893839e+00
5 9.4999999e-01 5.1037812e-01
6 9.4999999e-01 3.9568418e-01
7 9.4999999e-01 1.1782708e+00
8 9.4999999e-01 1.2951822e+00
9 9.4999999e-01 7.9575455e-01
10 9.4999999e-01 1.1236626e+00
11 9.4999999e-01 1.0546142e+00
12 9.4999999e-01 1.1386178e+00
13 9.4999999e-01 7.7330875e-01
14 9.4999999e-01 4.4837087e-01
15 9.4999999e-01 6.4318514e-01
16 9.4999999e-01 9.5688587e-01
17 9.4999999e-01 7.8204870e-01
18 9.4999999e-01 8.4157485e-01
19 9.4999999e-01 2.5184491e-01
20 9.4999999e-01 1.7752812e+00
1 9.5999998e-01 2.6721889e-01
2 9.5999998e-01 8.3082634e-01
3 9.5999998e-01 2.1048628e-01
4 9.5999998e-01 1.1444875e+00
5 9.5999998e-01 4.8472422e-01
6 9.5999998e-01 5.5419654e-01
7 9.5999998e-01 3.7708086e-01
8 9.5999998e-01 3.2160527e-01
9 9.5999998e-01 4.8127857e-01
10 9.5999998e-01 7.0515579e-01
11 9.5999998e-01 1.1761903e+00
12 9.5999998e-01 7.4087344e-02
13 9.5999998e-01 7.7243114e-01
14 9.5999998e-01 6.3103330e-01
15 9.5999998e-01 5.2813363e-01
16 9.5999998e-01 9.0064305e-01
17 9.5999998e-01 3.4725252e-01
18 9.5999998e-01 1.0337875e+00
19 9.5999998e-01 8.1657958e-01
20 9.5999998e-01 1.0866669e+00
1 9.7000003e-01 -1.3537942e-01
2 9.7000003e-01 7.8753996e-01
3 9.7000003e-01 -1.4951187e-01
4 9.7000003e-01 2.3091666e-01
5 9.7000003e-01 6.0705155e-01
6 9.7000003e-01 2.4785030e-01
7 9.7000003e-01 -2.3806766e-01
8 9.7000003e-01 6.1461842e-01
9 9.7000003e-01 1.0929642e-02
10 9.7000003e-01 4.8633417e-01
11 9.7000003e-01 -1.4539106e-01
12 9.7000003e-01 2.5680712e-01
13 9.7000003e-01 5.3880520e-02
14 9.7000003e-01 1.1081971e+00
15 9.7000003e-01 -1.5828894e-01
16 9.7000003e-01 -9.4510131e-02
17 9.7000003e-01 4.3062067e-01
18 9.7000003e-01 6.0729063e-01
19 9.7000003e-01 -1.4322479e-01
20 9.7000003e-01 -7.4239242e-01
1 9.8000002e-01 -3.6164992e-02
2 9.8000002e-01 6.6377050e-03
3 9.8000002e-01 -1.3565749e+00
4 9.8000002e-01 -5.0097710e-01
5 9.8000002e-01 -7.5321883e-01
6 9.8000002e-01 -9.6890199e-01
7 9.8000002e-01 -1.3088207e+00
8 9.8000002e-01 -9.7078407e-01
9 9.8000002e-01 -1.0003325e+00
10 9.8000002e-01 -7.5870466e-01
11 9.8000002e-01 -2.6873931e-01
12 9.8000002e-01 -2.7572370e-01
13 9.8000002e-01 -1.0015621e+00
14 9.8000002e-01 -2.2490589e-01
15 9.8000002e-01 1.7735709e-01
16 9.8000002e-01 -6.9685745e-01
17 9.8000002e-01 -9.8373735e-01
18 9.8000002e-01 -2.2488599e-01
19 9.8000002e-01 -7.0586282e-01
20 9.8000002e-01 -6.8421870e-01
1 9.9000001e-01 -3.8819841e-01
2 9.9000001e-01 -1.1501563e+00
3 9.9000001e-01 -8.2253677e-01
4 9.9000001e-01 -6.1986327e-01
5 9.9000001e-01 -5.2579975e-01
6 9.9000001e-01 -9.1890872e-01
7 9.9000001e-01 -1.0687960e+00
8 9.9000001e-01 -2.6336367e+00
9 9.9000001e-01 -1.7411373e+00
10 9.9000001e-01 -8.5774481e-01
11 9.9000001e-01 -8.8716781e-01
12 9.9000001e-01 -1.3195357e+00
13 9.9000001e-01 -1.4551706e+00
14 9.9000001e-01 -7.5511432e-01
15 9.9000001e-01 -1.0544326e+00
16 9.9000001e-01 -1.8838141e+00
17 9.9000001e-01 -1.2793238e+00
18 9.9000001e-01 -9.9496847e-01
19 9.9000001e-01 -4.3075365e-01
20 9.9000001e-01 -1.1217860e+00
1 1.0000000e+00 1.3841546e+00
2 1.0000000e+00 1.0020434e+00
3 1.0000000e+00 1.8648253e-01
4 1.0000000e+00 1.4328244e+00
5 1.0000000e+00 1.9571960e+00
6 1.0000000e+00 -9.2885756e-01
7 1.0000000e+00 2.1150504e-01
8 1.0000000e+00 3.0084873e-02
9 1.0000000e+00 4.7713912e-01
10 1.0000000e+00 5.7699513e-01
11 1.0000000e+00 1.8003490e+00
12 1.0000000e+00 -1.0329814e-01
13 1.0000000e+00 1.6384567e+00
14 1.0000000e+00 4.2510870e-01
15 1.0000000e+00 1.1729876e+00
16 1.0000000e+00 9.0344238e-01
17 1.0000000e+00 2.1718168e+00
18 1.0000000e+00 2.0372183e+00
19 1.0000000e+00 3.8442796e-01
20 1.0000000e+00 -9.2132270e-01
