i x t
1 0.0000000e+00 1.0000001e+00
2 0.0000000e+00 9.9999994e-01
3 0.0000000e+00 1.0000000e+00
4 0.0000000e+00 9.9999994e-01
5 0.0000000e+00 9.9999994e-01
6 0.0000000e+00 1.0000000e+00
7 0.0000000e+00 9.9999994e-01
8 0.0000000e+00 9.9999994e-01
9 0.0000000e+00 1.0000000e+00
10 0.0000000e+00 1.0000000e+00
11 0.0000000e+00 1.0000000e+00
12 0.0000000e+00 9.9999994e-01
13 0.0000000e+00 1.0000000e+00
14 0.0000000e+00 1.0000000e+00
15 0.0000000e+00 1.0000001e+00
16 0.0000000e+00 1.0000001e+00
17 0.0000000e+00 9.9999994e-01
18 0.0000000e+00 1.0000000e+00
19 0.0000000e+00 1.0000001e+00
20 0.0000000e+00 1.0000000e+00
1 9.9999998e-03 9.8006588e-01
2 9.9999998e-03 9.8006594e-01
3 9.9999998e-03 9.8006594e-01
4 9.9999998e-03 9.8006588e-01
5 9.9999998e-03 9.8006594e-01
6 9.9999998e-03 9.8006588e-01
7 9.9999998e-03 9.8006588e-01
8 9.9999998e-03 9.8006594e-01
9 9.9999998e-03 9.8006594e-01
10 9.9999998e-03 9.8006582e-01
11 9.9999998e-03 9.8006588e-01
12 9.9999998e-03 9.8006594e-01
13 9.9999998e-03 9.8006594e-01
14 9.9999998e-03 9.8006588e-01
15 9.9999998e-03 9.8006588e-01
16 9.9999998e-03 9.8006594e-01
17 9.9999998e-03 9.8006594e-01
18 9.9999998e-03 9.8006594e-01
19 9.9999998e-03 9.8006594e-01
20 9.9999998e-03 9.8006600e-01
1 2.0000000e-02 9.2105061e-01
2 2.0000000e-02 9.2105067e-01
3 2.0000000e-02 9.2105055e-01
4 2.0000000e-02 9.2105055e-01
5 2.0000000e-02 9.2105067e-01
6 2.0000000e-02 9.2105061e-01
7 2.0000000e-02 9.2105067e-01
8 2.0000000e-02 9.2105055e-01
9 2.0000000e-02 9.2105061e-01
10 2.0000000e-02 9.2105061e-01
11 2.0000000e-02 9.2105061e-01
12 2.0000000e-02 9.2105061e-01
13 2.0000000e-02 9.2105061e-01
14 2.0000000e-02 9.2105055e-01
15 2.0000000e-02 9.2105061e-01
16 2.0000000e-02 9.2105061e-01
17 2.0000000e-02 9.2105061e-01
18 2.0000000e-02 9.2105067e-01
19 2.0000000e-02 9.2105061e-01
20 2.0000000e-02 9.2105061e-01
1 2.9999999e-02 8.2528478e-01
2 2.9999999e-02 8.2528472e-01
3 2.9999999e-02 8.2528484e-01
4 2.9999999e-02 8.2528478e-01
5 2.9999999e-02 8.2528472e-01
6 2.9999999e-02 8.2528484e-01
7 2.9999999e-02 8.2528466e-01
8 2.9999999e-02 8.2528478e-01
9 2.9999999e-02 8.2528484e-01
10 2.9999999e-02 8.2528472e-01
11 2.9999999e-02 8.2528478e-01
12 2.9999999e-02 8.2528484e-01
13 2.9999999e-02 8.2528472e-01
14 2.9999999e-02 8.2528472e-01
15 2.9999999e-02 8.2528472e-01
16 2.9999999e-02 8.2528472e-01
17 2.9999999e-02 8.2528472e-01
18 2.9999999e-02 8.2528484e-01
19 2.9999999e-02 8.2528484e-01
20 2.9999999e-02 8.2528484e-01
1 3.9999999e-02 6.9655347e-01
2 3.9999999e-02 6.9655353e-01
3 3.9999999e-02 6.9655365e-01
4 3.9999999e-02 6.9655365e-01
5 3.9999999e-02 6.9655353e-01
6 3.9999999e-02 6.9655365e-01
7 3.9999999e-02 6.9655359e-01
8 3.9999999e-02 6.9655347e-01
9 3.9999999e-02 6.9655347e-01
10 3.9999999e-02 6.9655353e-01
11 3.9999999e-02 6.9655341e-01
12 3.9999999e-02 6.9655365e-01
13 3.9999999e-02 6.9655359e-01
14 3.9999999e-02 6.9655359e-01
15 3.9999999e-02 6.9655359e-01
16 3.9999999e-02 6.9655347e-01
17 3.9999999e-02 6.9655359e-01
18 3.9999999e-02 6.9655359e-01
19 3.9999999e-02 6.9655359e-01
20 3.9999999e-02 6.9655371e-01
1 5.0000001e-02 5.3995126e-01
2 5.0000001e-02 5.3995132e-01
3 5.0000001e-02 5.3995097e-01
4 5.0000001e-02 5.3995132e-01
5 5.0000001e-02 5.3995115e-01
6 5.0000001e-02 5.3995126e-01
7 5.0000001e-02 5.3995121e-01
8 5.0000001e-02 5.3995115e-01
9 5.0000001e-02 5.3995132e-01
10 5.0000001e-02 5.3995121e-01
11 5.0000001e-02 5.3995109e-01
12 5.0000001e-02 5.3995132e-01
13 5.0000001e-02 5.3995126e-01
14 5.0000001e-02 5.3995115e-01
15 5.0000001e-02 5.3995126e-01
16 5.0000001e-02 5.3995132e-01
17 5.0000001e-02 5.3995150e-01
18 5.0000001e-02 5.3995126e-01
19 5.0000001e-02 5.3995121e-01
20 5.0000001e-02 5.3995121e-01
1 5.9999999e-02 3.6168551e-01
2 5.9999999e-02 3.6168525e-01
3 5.9999999e-02 3.6168543e-01
4 5.9999999e-02 3.6168540e-01
5 5.9999999e-02 3.6168531e-01
6 5.9999999e-02 3.6168557e-01
7 5.9999999e-02 3.6168537e-01
8 5.9999999e-02 3.6168563e-01
9 5.9999999e-02 3.6168566e-01
10 5.9999999e-02 3.6168540e-01
11 5.9999999e-02 3.6168531e-01
12 5.9999999e-02 3.6168551e-01
13 5.9999999e-02 3.6168543e-01
14 5.9999999e-02 3.6168584e-01
15 5.9999999e-02 3.6168554e-01
16 5.9999999e-02 3.6168545e-01
17 5.9999999e-02 3.6168548e-01
18 5.9999999e-02 3.6168548e-01
19 5.9999999e-02 3.6168578e-01
20 5.9999999e-02 3.6168566e-01
1 7.0000000e-02 1.6883774e-01
2 7.0000000e-02 1.6883788e-01
3 7.0000000e-02 1.6883771e-01
4 7.0000000e-02 1.6883788e-01
5 7.0000000e-02 1.6883795e-01
6 7.0000000e-02 1.6883774e-01
7 7.0000000e-02 1.6883780e-01
8 7.0000000e-02 1.6883804e-01
9 7.0000000e-02 1.6883767e-01
10 7.0000000e-02 1.6883773e-01
11 7.0000000e-02 1.6883790e-01
12 7.0000000e-02 1.6883829e-01
13 7.0000000e-02 1.6883802e-01
14 7.0000000e-02 1.6883793e-01
15 7.0000000e-02 1.6883771e-01
16 7.0000000e-02 1.6883790e-01
17 7.0000000e-02 1.6883795e-01
18 7.0000000e-02 1.6883779e-01
19 7.0000000e-02 1.6883756e-01
20 7.0000000e-02 1.6883786e-01
1 7.9999998e-02 -3.0910248e-02
2 7.9999998e-02 -3.0910362e-02
3 7.9999998e-02 -3.0910676e-02
4 7.9999998e-02 -3.0910322e-02
5 7.9999998e-02 -3.0910572e-02
6 7.9999998e-02 -3.0910585e-02
7 7.9999998e-02 -3.0910281e-02
8 7.9999998e-02 -3.0910268e-02
9 7.9999998e-02 -3.0910425e-02
10 7.9999998e-02 -3.0910473e-02
11 7.9999998e-02 -3.0910224e-02
12 7.9999998e-02 -3.0910265e-02
13 7.9999998e-02 -3.0910430e-02
14 7.9999998e-02 -3.0910373e-02
15 7.9999998e-02 -3.0910296e-02
16 7.9999998e-02 -3.0910442e-02
17 7.9999998e-02 -3.0910078e-02
18 7.9999998e-02 -3.0910285e-02
19 7.9999998e-02 -3.0910175e-02
20 7.9999998e-02 -3.0910620e-02
1 9.0000004e-02 -2.2957622e-01
2 9.0000004e-02 -2.2957680e-01
3 9.0000004e-02 -2.2957641e-01
4 9.0000004e-02 -2.2957708e-01
5 9.0000004e-02 -2.2957674e-01
6 9.0000004e-02 -2.2957642e-01
7 9.0000004e-02 -2.2957617e-01
8 9.0000004e-02 -2.2957668e-01
9 9.0000004e-02 -2.2957668e-01
10 9.0000004e-02 -2.2957613e-01
11 9.0000004e-02 -2.2957610e-01
12 9.0000004e-02 -2.2957660e-01
13 9.0000004e-02 -2.2957653e-01
14 9.0000004e-02 -2.2957660e-01
15 9.0000004e-02 -2.2957663e-01
16 9.0000004e-02 -2.2957635e-01
17 9.0000004e-02 -2.2957627e-01
18 9.0000004e-02 -2.2957662e-01
19 9.0000004e-02 -2.2957645e-01
20 9.0000004e-02 -2.2957683e-01
1 1.0000000e-01 -4.1918916e-01
2 1.0000000e-01 -4.1918913e-01
3 1.0000000e-01 -4.1918874e-01
4 1.0000000e-01 -4.1918924e-01
5 1.0000000e-01 -4.1918930e-01
6 1.0000000e-01 -4.1918930e-01
7 1.0000000e-01 -4.1918936e-01
8 1.0000000e-01 -4.1918978e-01
9 1.0000000e-01 -4.1918933e-01
10 1.0000000e-01 -4.1918904e-01
11 1.0000000e-01 -4.1918942e-01
12 1.0000000e-01 -4.1918984e-01
13 1.0000000e-01 -4.1918907e-01
14 1.0000000e-01 -4.1918910e-01
15 1.0000000e-01 -4.1918969e-01
16 1.0000000e-01 -4.1918954e-01
17 1.0000000e-01 -4.1918913e-01
18 1.0000000e-01 -4.1918933e-01
19 1.0000000e-01 -4.1918916e-01
20 1.0000000e-01 -4.1918886e-01
1 1.1000000e-01 -5.9210229e-01
2 1.1000000e-01 -5.9210217e-01
3 1.1000000e-01 -5.9210169e-01
4 1.1000000e-01 -5.9210163e-01
5 1.1000000e-01 -5.9210253e-01
6 1.1000000e-01 -5.9210211e-01
7 1.1000000e-01 -5.9210157e-01
8 1.1000000e-01 -5.9210211e-01
9 1.1000000e-01 -5.9210205e-01
10 1.1000000e-01 -5.9210187e-01
11 1.1000000e-01 -5.9210223e-01
12 1.1000000e-01 -5.9210193e-01
13 1.1000000e-01 -5.9210199e-01
14 1.1000000e-01 -5.9210193e-01
15 1.1000000e-01 -5.9210235e-01
16 1.1000000e-01 -5.9210199e-01
17 1.1000000e-01 -5.9210157e-01
18 1.1000000e-01 -5.9210157e-01
19 1.1000000e-01 -5.9210181e-01
20 1.1000000e-01 -5.9210199e-01
1 1.2000000e-01 -7.4129772e-01
2 1.2000000e-01 -7.4129707e-01
3 1.2000000e-01 -7.4129748e-01
4 1.2000000e-01 -7.4129725e-01
5 1.2000000e-01 -7.4129742e-01
6 1.2000000e-01 -7.4129754e-01
7 1.2000000e-01 -7.4129719e-01
8 1.2000000e-01 -7.4129784e-01
9 1.2000000e-01 -7.4129778e-01
10 1.2000000e-01 -7.4129653e-01
11 1.2000000e-01 -7.4129707e-01
12 1.2000000e-01 -7.4129748e-01
13 1.2000000e-01 -7.4129725e-01
14 1.2000000e-01 -7.4129689e-01
15 1.2000000e-01 -7.4129748e-01
16 1.2000000e-01 -7.4129719e-01
17 1.2000000e-01 -7.4129766e-01
18 1.2000000e-01 -7.4129689e-01
19 1.2000000e-01 -7.4129713e-01
20 1.2000000e-01 -7.4129713e-01
1 1.3000000e-01 -8.6067033e-01
2 1.3000000e-01 -8.6066908e-01
3 1.3000000e-01 -8.6066967e-01
4 1.3000000e-01 -8.6066967e-01
5 1.3000000e-01 -8.6067003e-01
6 1.3000000e-01 -8.6067009e-01
7 1.3000000e-01 -8.6066860e-01
8 1.3000000e-01 -8.6066961e-01
9 1.3000000e-01 -8.6066890e-01
10 1.3000000e-01 -8.6066937e-01
11 1.3000000e-01 -8.6066920e-01
12 1.3000000e-01 -8.6066973e-01
13 1.3000000e-01 -8.6066955e-01
14 1.3000000e-01 -8.6067027e-01
15 1.3000000e-01 -8.6066967e-01
16 1.3000000e-01 -8.6066937e-01
17 1.3000000e-01 -8.6066949e-01
18 1.3000000e-01 -8.6066949e-01
19 1.3000000e-01 -8.6067009e-01
20 1.3000000e-01 -8.6066908e-01
1 1.4000000e-01 -9.4527370e-01
2 1.4000000e-01 -9.4527382e-01
3 1.4000000e-01 -9.4527364e-01
4 1.4000000e-01 -9.4527310e-01
5 1.4000000e-01 -9.4527370e-01
6 1.4000000e-01 -9.4527340e-01
7 1.4000000e-01 -9.4527334e-01
8 1.4000000e-01 -9.4527292e-01
9 1.4000000e-01 -9.4527352e-01
10 1.4000000e-01 -9.4527394e-01
11 1.4000000e-01 -9.4527382e-01
12 1.4000000e-01 -9.4527292e-01
13 1.4000000e-01 -9.4527423e-01
14 1.4000000e-01 -9.4527358e-01
15 1.4000000e-01 -9.4527394e-01
16 1.4000000e-01 -9.4527322e-01
17 1.4000000e-01 -9.4527322e-01
18 1.4000000e-01 -9.4527417e-01
19 1.4000000e-01 -9.4527411e-01
20 1.4000000e-01 -9.4527280e-01
1 1.5000001e-01 -9.9153233e-01
2 1.5000001e-01 -9.9153298e-01
3 1.5000001e-01 -9.9153239e-01
4 1.5000001e-01 -9.9153274e-01
5 1.5000001e-01 -9.9153221e-01
6 1.5000001e-01 -9.9153215e-01
7 1.5000001e-01 -9.9153137e-01
8 1.5000001e-01 -9.9153268e-01
9 1.5000001e-01 -9.9153274e-01
10 1.5000001e-01 -9.9153244e-01
11 1.5000001e-01 -9.9153185e-01
12 1.5000001e-01 -9.9153209e-01
13 1.5000001e-01 -9.9153203e-01
14 1.5000001e-01 -9.9153244e-01
15 1.5000001e-01 -9.9153304e-01
16 1.5000001e-01 -9.9153227e-01
17 1.5000001e-01 -9.9153161e-01
18 1.5000001e-01 -9.9153262e-01
19 1.5000001e-01 -9.9153250e-01
20 1.5000001e-01 -9.9153262e-01
1 1.6000000e-01 -9.9739337e-01
2 1.6000000e-01 -9.9739283e-01
3 1.6000000e-01 -9.9739277e-01
4 1.6000000e-01 -9.9739289e-01
5 1.6000000e-01 -9.9739355e-01
6 1.6000000e-01 -9.9739373e-01
7 1.6000000e-01 -9.9739265e-01
8 1.6000000e-01 -9.9739355e-01
9 1.6000000e-01 -9.9739337e-01
10 1.6000000e-01 -9.9739254e-01
11 1.6000000e-01 -9.9739361e-01
12 1.6000000e-01 -9.9739349e-01
13 1.6000000e-01 -9.9739337e-01
14 1.6000000e-01 -9.9739337e-01
15 1.6000000e-01 -9.9739230e-01
16 1.6000000e-01 -9.9739248e-01
17 1.6000000e-01 -9.9739265e-01
18 1.6000000e-01 -9.9739337e-01
19 1.6000000e-01 -9.9739271e-01
20 1.6000000e-01 -9.9739271e-01
1 1.7000000e-01 -9.6242470e-01
2 1.7000000e-01 -9.6242553e-01
3 1.7000000e-01 -9.6242583e-01
4 1.7000000e-01 -9.6242481e-01
5 1.7000000e-01 -9.6242541e-01
6 1.7000000e-01 -9.6242511e-01
7 1.7000000e-01 -9.6242529e-01
8 1.7000000e-01 -9.6242547e-01
9 1.7000000e-01 -9.6242529e-01
10 1.7000000e-01 -9.6242493e-01
11 1.7000000e-01 -9.6242535e-01
12 1.7000000e-01 -9.6242470e-01
13 1.7000000e-01 -9.6242422e-01
14 1.7000000e-01 -9.6242517e-01
15 1.7000000e-01 -9.6242505e-01
16 1.7000000e-01 -9.6242487e-01
17 1.7000000e-01 -9.6242481e-01
18 1.7000000e-01 -9.6242523e-01
19 1.7000000e-01 -9.6242499e-01
20 1.7000000e-01 -9.6242452e-01
1 1.8000001e-01 -8.8785398e-01
2 1.8000001e-01 -8.8785309e-01
3 1.8000001e-01 -8.8785410e-01
4 1.8000001e-01 -8.8785434e-01
5 1.8000001e-01 -8.8785338e-01
6 1.8000001e-01 -8.8785356e-01
7 1.8000001e-01 -8.8785386e-01
8 1.8000001e-01 -8.8785398e-01
9 1.8000001e-01 -8.8785362e-01
10 1.8000001e-01 -8.8785410e-01
11 1.8000001e-01 -8.8785470e-01
12 1.8000001e-01 -8.8785344e-01
13 1.8000001e-01 -8.8785458e-01
14 1.8000001e-01 -8.8785338e-01
15 1.8000001e-01 -8.8785416e-01
16 1.8000001e-01 -8.8785428e-01
17 1.8000001e-01 -8.8785470e-01
18 1.8000001e-01 -8.8785428e-01
19 1.8000001e-01 -8.8785356e-01
20 1.8000001e-01 -8.8785422e-01
1 1.9000000e-01 -7.7653420e-01
2 1.9000000e-01 -7.7653390e-01
3 1.9000000e-01 -7.7653420e-01
4 1.9000000e-01 -7.7653372e-01
5 1.9000000e-01 -7.7653372e-01
6 1.9000000e-01 -7.7653462e-01
7 1.9000000e-01 -7.7653462e-01
8 1.9000000e-01 -7.7653396e-01
9 1.9000000e-01 -7.7653372e-01
10 1.9000000e-01 -7.7653426e-01
11 1.9000000e-01 -7.7653432e-01
12 1.9000000e-01 -7.7653486e-01
13 1.9000000e-01 -7.7653491e-01
14 1.9000000e-01 -7.7653432e-01
15 1.9000000e-01 -7.7653414e-01
16 1.9000000e-01 -7.7653408e-01
17 1.9000000e-01 -7.7653486e-01
18 1.9000000e-01 -7.7653313e-01
19 1.9000000e-01 -7.7653408e-01
20 1.9000000e-01 -7.7653486e-01
1 2.0000000e-01 -6.3285172e-01
2 2.0000000e-01 -6.3285118e-01
3 2.0000000e-01 -6.3285118e-01
4 2.0000000e-01 -6.3285112e-01
5 2.0000000e-01 -6.3285154e-01
6 2.0000000e-01 -6.3285166e-01
7 2.0000000e-01 -6.3285136e-01
8 2.0000000e-01 -6.3285100e-01
9 2.0000000e-01 -6.3285166e-01
10 2.0000000e-01 -6.3285196e-01
11 2.0000000e-01 -6.3285190e-01
12 2.0000000e-01 -6.3285142e-01
13 2.0000000e-01 -6.3285124e-01
14 2.0000000e-01 -6.3285106e-01
15 2.0000000e-01 -6.3285154e-01
16 2.0000000e-01 -6.3285136e-01
17 2.0000000e-01 -6.3285154e-01
18 2.0000000e-01 -6.3285160e-01
19 2.0000000e-01 -6.3285148e-01
20 2.0000000e-01 -6.3285148e-01
1 2.0999999e-01 -4.6256760e-01
2 2.0999999e-01 -4.6256894e-01
3 2.0999999e-01 -4.6256879e-01
4 2.0999999e-01 -4.6256867e-01
5 2.0999999e-01 -4.6256748e-01
6 2.0999999e-01 -4.6256867e-01
7 2.0999999e-01 -4.6256807e-01
8 2.0999999e-01 -4.6256834e-01
9 2.0999999e-01 -4.6256900e-01
10 2.0999999e-01 -4.6256840e-01
11 2.0999999e-01 -4.6256852e-01
12 2.0999999e-01 -4.6256825e-01
13 2.0999999e-01 -4.6256846e-01
14 2.0999999e-01 -4.6256888e-01
15 2.0999999e-01 -4.6256846e-01
16 2.0999999e-01 -4.6256885e-01
17 2.0999999e-01 -4.6256751e-01
18 2.0999999e-01 -4.6256822e-01
19 2.0999999e-01 -4.6256873e-01
20 2.0999999e-01 -4.6256799e-01
1 2.2000000e-01 -2.7260521e-01
2 2.2000000e-01 -2.7260503e-01
3 2.2000000e-01 -2.7260450e-01
4 2.2000000e-01 -2.7260503e-01
5 2.2000000e-01 -2.7260533e-01
6 2.2000000e-01 -2.7260500e-01
7 2.2000000e-01 -2.7260521e-01
8 2.2000000e-01 -2.7260533e-01
9 2.2000000e-01 -2.7260467e-01
10 2.2000000e-01 -2.7260479e-01
11 2.2000000e-01 -2.7260524e-01
12 2.2000000e-01 -2.7260453e-01
13 2.2000000e-01 -2.7260491e-01
14 2.2000000e-01 -2.7260560e-01
15 2.2000000e-01 -2.7260497e-01
16 2.2000000e-01 -2.7260518e-01
17 2.2000000e-01 -2.7260447e-01
18 2.2000000e-01 -2.7260497e-01
19 2.2000000e-01 -2.7260506e-01
20 2.2000000e-01 -2.7260503e-01
1 2.3000000e-01 -7.0776112e-02
2 2.3000000e-01 -7.0775956e-02
3 2.3000000e-01 -7.0776224e-02
4 2.3000000e-01 -7.0776284e-02
5 2.3000000e-01 -7.0776284e-02
6 2.3000000e-01 -7.0775986e-02
7 2.3000000e-01 -7.0776179e-02
8 2.3000000e-01 -7.0775717e-02
9 2.3000000e-01 -7.0775665e-02
10 2.3000000e-01 -7.0775382e-02
11 2.3000000e-01 -7.0776157e-02
12 2.3000000e-01 -7.0776075e-02
13 2.3000000e-01 -7.0776105e-02
14 2.3000000e-01 -7.0776410e-02
15 2.3000000e-01 -7.0776075e-02
16 2.3000000e-01 -7.0776202e-02
17 2.3000000e-01 -7.0776187e-02
18 2.3000000e-01 -7.0775837e-02
19 2.3000000e-01 -7.0775919e-02
20 2.3000000e-01 -7.0775911e-02
1 2.3999999e-01 1.3451903e-01
2 2.3999999e-01 1.3451898e-01
3 2.3999999e-01 1.3451898e-01
4 2.3999999e-01 1.3451897e-01
5 2.3999999e-01 1.3451897e-01
6 2.3999999e-01 1.3451904e-01
7 2.3999999e-01 1.3451912e-01
8 2.3999999e-01 1.3451871e-01
9 2.3999999e-01 1.3451880e-01
10 2.3999999e-01 1.3451926e-01
11 2.3999999e-01 1.3451889e-01
12 2.3999999e-01 1.3451894e-01
13 2.3999999e-01 1.3451922e-01
14 2.3999999e-01 1.3451877e-01
15 2.3999999e-01 1.3451917e-01
16 2.3999999e-01 1.3451868e-01
17 2.3999999e-01 1.3451919e-01
18 2.3999999e-01 1.3451882e-01
19 2.3999999e-01 1.3451929e-01
20 2.3999999e-01 1.3451883e-01
1 2.5000000e-01 3.3463314e-01
2 2.5000000e-01 3.3463392e-01
3 2.5000000e-01 3.3463353e-01
4 2.5000000e-01 3.3463362e-01
5 2.5000000e-01 3.3463401e-01
6 2.5000000e-01 3.3463347e-01
7 2.5000000e-01 3.3463353e-01
8 2.5000000e-01 3.3463404e-01
9 2.5000000e-01 3.3463281e-01
10 2.5000000e-01 3.3463329e-01
11 2.5000000e-01 3.3463353e-01
12 2.5000000e-01 3.3463305e-01
13 2.5000000e-01 3.3463347e-01
14 2.5000000e-01 3.3463287e-01
15 2.5000000e-01 3.3463353e-01
16 2.5000000e-01 3.3463311e-01
17 2.5000000e-01 3.3463311e-01
18 2.5000000e-01 3.3463326e-01
19 2.5000000e-01 3.3463374e-01
20 2.5000000e-01 3.3463332e-01
1 2.5999999e-01 5.2102792e-01
2 2.5999999e-01 5.2102816e-01
3 2.5999999e-01 5.2102774e-01
4 2.5999999e-01 5.2102798e-01
5 2.5999999e-01 5.2102846e-01
6 2.5999999e-01 5.2102810e-01
7 2.5999999e-01 5.2102792e-01
8 2.5999999e-01 5.2102780e-01
9 2.5999999e-01 5.2102798e-01
10 2.5999999e-01 5.2102774e-01
11 2.5999999e-01 5.2102828e-01
12 2.5999999e-01 5.2102810e-01
13 2.5999999e-01 5.2102745e-01
14 2.5999999e-01 5.2102816e-01
15 2.5999999e-01 5.2102762e-01
16 2.5999999e-01 5.2102798e-01
17 2.5999999e-01 5.2102822e-01
18 2.5999999e-01 5.2102810e-01
19 2.5999999e-01 5.2102822e-01
20 2.5999999e-01 5.2102822e-01
1 2.7000001e-01 6.8563229e-01
2 2.7000001e-01 6.8563199e-01
3 2.7000001e-01 6.8563211e-01
4 2.7000001e-01 6.8563253e-01
5 2.7000001e-01 6.8563223e-01
6 2.7000001e-01 6.8563241e-01
7 2.7000001e-01 6.8563235e-01
8 2.7000001e-01 6.8563247e-01
9 2.7000001e-01 6.8563229e-01
10 2.7000001e-01 6.8563229e-01
11 2.7000001e-01 6.8563241e-01
12 2.7000001e-01 6.8563217e-01
13 2.7000001e-01 6.8563193e-01
14 2.7000001e-01 6.8563235e-01
15 2.7000001e-01 6.8563199e-01
16 2.7000001e-01 6.8563205e-01
17 2.7000001e-01 6.8563199e-01
18 2.7000001e-01 6.8563199e-01
19 2.7000001e-01 6.8563217e-01
20 2.7000001e-01 6.8563205e-01
1 2.8000000e-01 8.2118982e-01
2 2.8000000e-01 8.2118988e-01
3 2.8000000e-01 8.2118988e-01
4 2.8000000e-01 8.2119018e-01
5 2.8000000e-01 8.2119012e-01
6 2.8000000e-01 8.2119006e-01
7 2.8000000e-01 8.2118988e-01
8 2.8000000e-01 8.2118988e-01
9 2.8000000e-01 8.2119000e-01
10 2.8000000e-01 8.2119006e-01
11 2.8000000e-01 8.2119000e-01
12 2.8000000e-01 8.2118976e-01
13 2.8000000e-01 8.2119000e-01
14 2.8000000e-01 8.2119012e-01
15 2.8000000e-01 8.2119006e-01
16 2.8000000e-01 8.2119012e-01
17 2.8000000e-01 8.2118982e-01
18 2.8000000e-01 8.2118970e-01
19 2.8000000e-01 8.2119000e-01
20 2.8000000e-01 8.2119000e-01
1 2.8999999e-01 9.2158622e-01
2 2.8999999e-01 9.2158645e-01
3 2.8999999e-01 9.2158622e-01
4 2.8999999e-01 9.2158628e-01
5 2.8999999e-01 9.2158628e-01
6 2.8999999e-01 9.2158657e-01
7 2.8999999e-01 9.2158633e-01
8 2.8999999e-01 9.2158639e-01
9 2.8999999e-01 9.2158633e-01
10 2.8999999e-01 9.2158633e-01
11 2.8999999e-01 9.2158633e-01
12 2.8999999e-01 9.2158604e-01
13 2.8999999e-01 9.2158633e-01
14 2.8999999e-01 9.2158628e-01
15 2.8999999e-01 9.2158633e-01
16 2.8999999e-01 9.2158633e-01
17 2.8999999e-01 9.2158628e-01
18 2.8999999e-01 9.2158628e-01
19 2.8999999e-01 9.2158628e-01
20 2.8999999e-01 9.2158651e-01
1 3.0000001e-01 9.8213023e-01
2 3.0000001e-01 9.8213017e-01
3 3.0000001e-01 9.8213005e-01
4 3.0000001e-01 9.8213017e-01
5 3.0000001e-01 9.8213017e-01
6 3.0000001e-01 9.8213011e-01
7 3.0000001e-01 9.8213023e-01
8 3.0000001e-01 9.8213023e-01
9 3.0000001e-01 9.8213029e-01
10 3.0000001e-01 9.8213029e-01
11 3.0000001e-01 9.8213017e-01
12 3.0000001e-01 9.8213023e-01
13 3.0000001e-01 9.8213017e-01
14 3.0000001e-01 9.8213017e-01
15 3.0000001e-01 9.8213011e-01
16 3.0000001e-01 9.8213017e-01
17 3.0000001e-01 9.8213017e-01
18 3.0000001e-01 9.8213011e-01
19 3.0000001e-01 9.8213017e-01
20 3.0000001e-01 9.8213011e-01
1 3.1000000e-01 9.9978626e-01
2 3.1000000e-01 9.9978632e-01
3 3.1000000e-01 9.9978632e-01
4 3.1000000e-01 9.9978626e-01
5 3.1000000e-01 9.9978632e-01
6 3.1000000e-01 9.9978632e-01
7 3.1000000e-01 9.9978620e-01
8 3.1000000e-01 9.9978632e-01
9 3.1000000e-01 9.9978626e-01
10 3.1000000e-01 9.9978632e-01
11 3.1000000e-01 9.9978620e-01
12 3.1000000e-01 9.9978626e-01
13 3.1000000e-01 9.9978626e-01
14 3.1000000e-01 9.9978626e-01
15 3.1000000e-01 9.9978620e-01
16 3.1000000e-01 9.9978632e-01
17 3.1000000e-01 9.9978632e-01
18 3.1000000e-01 9.9978626e-01
19 3.1000000e-01 9.9978626e-01
20 3.1000000e-01 9.9978632e-01
1 3.1999999e-01 9.7334546e-01
2 3.1999999e-01 9.7334528e-01
3 3.1999999e-01 9.7334522e-01
4 3.1999999e-01 9.7334534e-01
5 3.1999999e-01 9.7334522e-01
6 3.1999999e-01 9.7334540e-01
7 3.1999999e-01 9.7334528e-01
8 3.1999999e-01 9.7334522e-01
9 3.1999999e-01 9.7334534e-01
10 3.1999999e-01 9.7334528e-01
11 3.1999999e-01 9.7334546e-01
12 3.1999999e-01 9.7334534e-01
13 3.1999999e-01 9.7334528e-01
14 3.1999999e-01 9.7334528e-01
15 3.1999999e-01 9.7334516e-01
16 3.1999999e-01 9.7334510e-01
17 3.1999999e-01 9.7334528e-01
18 3.1999999e-01 9.7334540e-01
19 3.1999999e-01 9.7334540e-01
20 3.1999999e-01 9.7334528e-01
1 3.3000001e-01 9.0351862e-01
2 3.3000001e-01 9.0351862e-01
3 3.3000001e-01 9.0351850e-01
4 3.3000001e-01 9.0351838e-01
5 3.3000001e-01 9.0351844e-01
6 3.3000001e-01 9.0351850e-01
7 3.3000001e-01 9.0351844e-01
8 3.3000001e-01 9.0351844e-01
9 3.3000001e-01 9.0351856e-01
10 3.3000001e-01 9.0351838e-01
11 3.3000001e-01 9.0351838e-01
12 3.3000001e-01 9.0351844e-01
13 3.3000001e-01 9.0351838e-01
14 3.3000001e-01 9.0351838e-01
15 3.3000001e-01 9.0351826e-01
16 3.3000001e-01 9.0351850e-01
17 3.3000001e-01 9.0351856e-01
18 3.3000001e-01 9.0351856e-01
19 3.3000001e-01 9.0351844e-01
20 3.3000001e-01 9.0351832e-01
1 3.4000000e-01 7.9295468e-01
2 3.4000000e-01 7.9295516e-01
3 3.4000000e-01 7.9295498e-01
4 3.4000000e-01 7.9295468e-01
5 3.4000000e-01 7.9295474e-01
6 3.4000000e-01 7.9295510e-01
7 3.4000000e-01 7.9295474e-01
8 3.4000000e-01 7.9295474e-01
9 3.4000000e-01 7.9295498e-01
10 3.4000000e-01 7.9295474e-01
11 3.4000000e-01 7.9295498e-01
12 3.4000000e-01 7.9295498e-01
13 3.4000000e-01 7.9295492e-01
14 3.4000000e-01 7.9295480e-01
15 3.4000000e-01 7.9295480e-01
16 3.4000000e-01 7.9295492e-01
17 3.4000000e-01 7.9295444e-01
18 3.4000000e-01 7.9295498e-01
19 3.4000000e-01 7.9295498e-01
20 3.4000000e-01 7.9295504e-01
1 3.4999999e-01 6.4617342e-01
2 3.4999999e-01 6.4617288e-01
3 3.4999999e-01 6.4617348e-01
4 3.4999999e-01 6.4617318e-01
5 3.4999999e-01 6.4617348e-01
6 3.4999999e-01 6.4617336e-01
7 3.4999999e-01 6.4617312e-01
8 3.4999999e-01 6.4617312e-01
9 3.4999999e-01 6.4617324e-01
10 3.4999999e-01 6.4617395e-01
11 3.4999999e-01 6.4617372e-01
12 3.4999999e-01 6.4617336e-01
13 3.4999999e-01 6.4617366e-01
14 3.4999999e-01 6.4617324e-01
15 3.4999999e-01 6.4617324e-01
16 3.4999999e-01 6.4617378e-01
17 3.4999999e-01 6.4617306e-01
18 3.4999999e-01 6.4617300e-01
19 3.4999999e-01 6.4617348e-01
20 3.4999999e-01 6.4617312e-01
1 3.6000001e-01 4.6941093e-01
2 3.6000001e-01 4.6941093e-01
3 3.6000001e-01 4.6941093e-01
4 3.6000001e-01 4.6941069e-01
5 3.6000001e-01 4.6941054e-01
6 3.6000001e-01 4.6941113e-01
7 3.6000001e-01 4.6941125e-01
8 3.6000001e-01 4.6941048e-01
9 3.6000001e-01 4.6941081e-01
10 3.6000001e-01 4.6941030e-01
11 3.6000001e-01 4.6941087e-01
12 3.6000001e-01 4.6941075e-01
13 3.6000001e-01 4.6941122e-01
14 3.6000001e-01 4.6941105e-01
15 3.6000001e-01 4.6941110e-01
16 3.6000001e-01 4.6941072e-01
17 3.6000001e-01 4.6941105e-01
18 3.6000001e-01 4.6941116e-01
19 3.6000001e-01 4.6941087e-01
20 3.6000001e-01 4.6941048e-01
1 3.7000000e-01 2.7039251e-01
2 3.7000000e-01 2.7039251e-01
3 3.7000000e-01 2.7039289e-01
4 3.7000000e-01 2.7039289e-01
5 3.7000000e-01 2.7039343e-01
6 3.7000000e-01 2.7039275e-01
7 3.7000000e-01 2.7039346e-01
8 3.7000000e-01 2.7039286e-01
9 3.7000000e-01 2.7039310e-01
10 3.7000000e-01 2.7039295e-01
11 3.7000000e-01 2.7039301e-01
12 3.7000000e-01 2.7039328e-01
13 3.7000000e-01 2.7039266e-01
14 3.7000000e-01 2.7039239e-01
15 3.7000000e-01 2.7039292e-01
16 3.7000000e-01 2.7039319e-01
17 3.7000000e-01 2.7039245e-01
18 3.7000000e-01 2.7039349e-01
19 3.7000000e-01 2.7039304e-01
20 3.7000000e-01 2.7039304e-01
1 3.8000000e-01 5.8023252e-02
2 3.8000000e-01 5.8022991e-02
3 3.8000000e-01 5.8022805e-02
4 3.8000000e-01 5.8023460e-02
5 3.8000000e-01 5.8022838e-02
6 3.8000000e-01 5.8023211e-02
7 3.8000000e-01 5.8023617e-02
8 3.8000000e-01 5.8023714e-02
9 3.8000000e-01 5.8022920e-02
10 3.8000000e-01 5.8022048e-02
11 3.8000000e-01 5.8023240e-02
12 3.8000000e-01 5.8023423e-02
13 3.8000000e-01 5.8023952e-02
14 3.8000000e-01 5.8023740e-02
15 3.8000000e-01 5.8023587e-02
16 3.8000000e-01 5.8022756e-02
17 3.8000000e-01 5.8023091e-02
18 3.8000000e-01 5.8024038e-02
19 3.8000000e-01 5.8023043e-02
20 3.8000000e-01 5.8022968e-02
1 3.8999999e-01 -1.5798479e-01
2 3.8999999e-01 -1.5798551e-01
3 3.8999999e-01 -1.5798494e-01
4 3.8999999e-01 -1.5798552e-01
5 3.8999999e-01 -1.5798548e-01
6 3.8999999e-01 -1.5798603e-01
7 3.8999999e-01 -1.5798494e-01
8 3.8999999e-01 -1.5798543e-01
9 3.8999999e-01 -1.5798521e-01
10 3.8999999e-01 -1.5798555e-01
11 3.8999999e-01 -1.5798552e-01
12 3.8999999e-01 -1.5798537e-01
13 3.8999999e-01 -1.5798442e-01
14 3.8999999e-01 -1.5798554e-01
15 3.8999999e-01 -1.5798512e-01
16 3.8999999e-01 -1.5798539e-01
17 3.8999999e-01 -1.5798526e-01
18 3.8999999e-01 -1.5798561e-01
19 3.8999999e-01 -1.5798461e-01
20 3.8999999e-01 -1.5798515e-01
1 4.0000001e-01 -3.6753321e-01
2 4.0000001e-01 -3.6753273e-01
3 4.0000001e-01 -3.6753333e-01
4 4.0000001e-01 -3.6753371e-01
5 4.0000001e-01 -3.6753330e-01
6 4.0000001e-01 -3.6753419e-01
7 4.0000001e-01 -3.6753350e-01
8 4.0000001e-01 -3.6753413e-01
9 4.0000001e-01 -3.6753279e-01
10 4.0000001e-01 -3.6753398e-01
11 4.0000001e-01 -3.6753309e-01
12 4.0000001e-01 -3.6753398e-01
13 4.0000001e-01 -3.6753270e-01
14 4.0000001e-01 -3.6753339e-01
15 4.0000001e-01 -3.6753297e-01
16 4.0000001e-01 -3.6753398e-01
17 4.0000001e-01 -3.6753416e-01
18 4.0000001e-01 -3.6753255e-01
19 4.0000001e-01 -3.6753386e-01
20 4.0000001e-01 -3.6753207e-01
1 4.1000000e-01 -5.6059086e-01
2 4.1000000e-01 -5.6059057e-01
3 4.1000000e-01 -5.6059122e-01
4 4.1000000e-01 -5.6059074e-01
5 4.1000000e-01 -5.6059098e-01
6 4.1000000e-01 -5.6059062e-01
7 4.1000000e-01 -5.6059158e-01
8 4.1000000e-01 -5.6059122e-01
9 4.1000000e-01 -5.6059033e-01
10 4.1000000e-01 -5.6059146e-01
11 4.1000000e-01 -5.6059033e-01
12 4.1000000e-01 -5.6059086e-01
13 4.1000000e-01 -5.6059211e-01
14 4.1000000e-01 -5.6059057e-01
15 4.1000000e-01 -5.6059116e-01
16 4.1000000e-01 -5.6059134e-01
17 4.1000000e-01 -5.6059128e-01
18 4.1000000e-01 -5.6059128e-01
19 4.1000000e-01 -5.6058973e-01
20 4.1000000e-01 -5.6059176e-01
1 4.1999999e-01 -7.2767365e-01
2 4.1999999e-01 -7.2767371e-01
3 4.1999999e-01 -7.2767478e-01
4 4.1999999e-01 -7.2767341e-01
5 4.1999999e-01 -7.2767395e-01
6 4.1999999e-01 -7.2767377e-01
7 4.1999999e-01 -7.2767437e-01
8 4.1999999e-01 -7.2767359e-01
9 4.1999999e-01 -7.2767287e-01
10 4.1999999e-01 -7.2767383e-01
11 4.1999999e-01 -7.2767353e-01
12 4.1999999e-01 -7.2767460e-01
13 4.1999999e-01 -7.2767323e-01
14 4.1999999e-01 -7.2767395e-01
15 4.1999999e-01 -7.2767508e-01
16 4.1999999e-01 -7.2767359e-01
17 4.1999999e-01 -7.2767323e-01
18 4.1999999e-01 -7.2767365e-01
19 4.1999999e-01 -7.2767490e-01
20 4.1999999e-01 -7.2767341e-01
1 4.3000001e-01 -8.6030722e-01
2 4.3000001e-01 -8.6030811e-01
3 4.3000001e-01 -8.6030817e-01
4 4.3000001e-01 -8.6030805e-01
5 4.3000001e-01 -8.6030859e-01
6 4.3000001e-01 -8.6030757e-01
7 4.3000001e-01 -8.6030853e-01
8 4.3000001e-01 -8.6030889e-01
9 4.3000001e-01 -8.6030912e-01
10 4.3000001e-01 -8.6030763e-01
11 4.3000001e-01 -8.6030895e-01
12 4.3000001e-01 -8.6030877e-01
13 4.3000001e-01 -8.6030924e-01
14 4.3000001e-01 -8.6030900e-01
15 4.3000001e-01 -8.6030912e-01
16 4.3000001e-01 -8.6030769e-01
17 4.3000001e-01 -8.6030632e-01
18 4.3000001e-01 -8.6030728e-01
19 4.3000001e-01 -8.6030948e-01
20 4.3000001e-01 -8.6030823e-01
1 4.4000000e-01 -9.5147485e-01
2 4.4000000e-01 -9.5147479e-01
3 4.4000000e-01 -9.5147270e-01
4 4.4000000e-01 -9.5147336e-01
5 4.4000000e-01 -9.5147419e-01
6 4.4000000e-01 -9.5147318e-01
7 4.4000000e-01 -9.5147455e-01
8 4.4000000e-01 -9.5147294e-01
9 4.4000000e-01 -9.5147389e-01
10 4.4000000e-01 -9.5147461e-01
11 4.4000000e-01 -9.5147359e-01
12 4.4000000e-01 -9.5147371e-01
13 4.4000000e-01 -9.5147461e-01
14 4.4000000e-01 -9.5147341e-01
15 4.4000000e-01 -9.5147496e-01
16 4.4000000e-01 -9.5147324e-01
17 4.4000000e-01 -9.5147508e-01
18 4.4000000e-01 -9.5147365e-01
19 4.4000000e-01 -9.5147413e-01
20 4.4000000e-01 -9.5147365e-01
1 4.4999999e-01 -9.9599969e-01
2 4.4999999e-01 -9.9599963e-01
3 4.4999999e-01 -9.9600035e-01
4 4.4999999e-01 -9.9599928e-01
5 4.4999999e-01 -9.9600065e-01
6 4.4999999e-01 -9.9600035e-01
7 4.4999999e-01 -9.9599946e-01
8 4.4999999e-01 -9.9600023e-01
9 4.4999999e-01 -9.9599975e-01
10 4.4999999e-01 -9.9599969e-01
11 4.4999999e-01 -9.9599963e-01
12 4.4999999e-01 -9.9600202e-01
13 4.4999999e-01 -9.9600065e-01
14 4.4999999e-01 -9.9600071e-01
15 4.4999999e-01 -9.9600029e-01
16 4.4999999e-01 -9.9599773e-01
17 4.4999999e-01 -9.9599922e-01
18 4.4999999e-01 -9.9600053e-01
19 4.4999999e-01 -9.9600029e-01
20 4.4999999e-01 -9.9599957e-01
1 4.6000001e-01 -9.9088490e-01
2 4.6000001e-01 -9.9088502e-01
3 4.6000001e-01 -9.9088484e-01
4 4.6000001e-01 -9.9088579e-01
5 4.6000001e-01 -9.9088246e-01
6 4.6000001e-01 -9.9088544e-01
7 4.6000001e-01 -9.9088365e-01
8 4.6000001e-01 -9.9088573e-01
9 4.6000001e-01 -9.9088407e-01
10 4.6000001e-01 -9.9088496e-01
11 4.6000001e-01 -9.9088418e-01
12 4.6000001e-01 -9.9088562e-01
13 4.6000001e-01 -9.9088538e-01
14 4.6000001e-01 -9.9088430e-01
15 4.6000001e-01 -9.9088371e-01
16 4.6000001e-01 -9.9088395e-01
17 4.6000001e-01 -9.9088329e-01
18 4.6000001e-01 -9.9088460e-01
19 4.6000001e-01 -9.9088377e-01
20 4.6000001e-01 -9.9088436e-01
1 4.7000000e-01 -9.3552959e-01
2 4.7000000e-01 -9.3553090e-01
3 4.7000000e-01 -9.3553060e-01
4 4.7000000e-01 -9.3553096e-01
5 4.7000000e-01 -9.3553001e-01
6 4.7000000e-01 -9.3553108e-01
7 4.7000000e-01 -9.3552989e-01
8 4.7000000e-01 -9.3553096e-01
9 4.7000000e-01 -9.3553096e-01
10 4.7000000e-01 -9.3553114e-01
11 4.7000000e-01 -9.3553060e-01
12 4.7000000e-01 -9.3553072e-01
13 4.7000000e-01 -9.3553084e-01
14 4.7000000e-01 -9.3553102e-01
15 4.7000000e-01 -9.3553066e-01
16 4.7000000e-01 -9.3553138e-01
17 4.7000000e-01 -9.3553102e-01
18 4.7000000e-01 -9.3553025e-01
19 4.7000000e-01 -9.3553042e-01
20 4.7000000e-01 -9.3553174e-01
1 4.7999999e-01 -8.3187485e-01
2 4.7999999e-01 -8.3187562e-01
3 4.7999999e-01 -8.3187532e-01
4 4.7999999e-01 -8.3187634e-01
5 4.7999999e-01 -8.3187675e-01
6 4.7999999e-01 -8.3187759e-01
7 4.7999999e-01 -8.3187789e-01
8 4.7999999e-01 -8.3187687e-01
9 4.7999999e-01 -8.3187699e-01
10 4.7999999e-01 -8.3187598e-01
11 4.7999999e-01 -8.3187616e-01
12 4.7999999e-01 -8.3187556e-01
13 4.7999999e-01 -8.3187664e-01
14 4.7999999e-01 -8.3187616e-01
15 4.7999999e-01 -8.3187664e-01
16 4.7999999e-01 -8.3187598e-01
17 4.7999999e-01 -8.3187503e-01
18 4.7999999e-01 -8.3187538e-01
19 4.7999999e-01 -8.3187598e-01
20 4.7999999e-01 -8.3187503e-01
1 4.9000001e-01 -6.8439883e-01
2 4.9000001e-01 -6.8440026e-01
3 4.9000001e-01 -6.8439770e-01
4 4.9000001e-01 -6.8439877e-01
5 4.9000001e-01 -6.8439931e-01
6 4.9000001e-01 -6.8439865e-01
7 4.9000001e-01 -6.8439960e-01
8 4.9000001e-01 -6.8439847e-01
9 4.9000001e-01 -6.8439984e-01
10 4.9000001e-01 -6.8439853e-01
11 4.9000001e-01 -6.8439740e-01
12 4.9000001e-01 -6.8439978e-01
13 4.9000001e-01 -6.8439835e-01
14 4.9000001e-01 -6.8439931e-01
15 4.9000001e-01 -6.8439960e-01
16 4.9000001e-01 -6.8439960e-01
17 4.9000001e-01 -6.8439901e-01
18 4.9000001e-01 -6.8439907e-01
19 4.9000001e-01 -6.8440044e-01
20 4.9000001e-01 -6.8439871e-01
1 5.0000000e-01 -4.9999973e-01
2 5.0000000e-01 -5.0000072e-01
3 5.0000000e-01 -4.9999937e-01
4 5.0000000e-01 -5.0000101e-01
5 5.0000000e-01 -4.9999991e-01
6 5.0000000e-01 -4.9999967e-01
7 5.0000000e-01 -5.0000060e-01
8 5.0000000e-01 -5.0000077e-01
9 5.0000000e-01 -5.0000030e-01
10 5.0000000e-01 -5.0000030e-01
11 5.0000000e-01 -4.9999881e-01
12 5.0000000e-01 -4.9999908e-01
13 5.0000000e-01 -5.0000077e-01
14 5.0000000e-01 -5.0000089e-01
15 5.0000000e-01 -4.9999934e-01
16 5.0000000e-01 -5.0000042e-01
17 5.0000000e-01 -4.9999857e-01
18 5.0000000e-01 -5.0000024e-01
19 5.0000000e-01 -4.9999994e-01
20 5.0000000e-01 -5.0000006e-01
1 5.0999999e-01 -2.8775102e-01
2 5.0999999e-01 -2.8775305e-01
3 5.0999999e-01 -2.8775361e-01
4 5.0999999e-01 -2.8775322e-01
5 5.0999999e-01 -2.8775322e-01
6 5.0999999e-01 -2.8775275e-01
7 5.0999999e-01 -2.8775188e-01
8 5.0999999e-01 -2.8775188e-01
9 5.0999999e-01 -2.8775388e-01
10 5.0999999e-01 -2.8775221e-01
11 5.0999999e-01 -2.8775159e-01
12 5.0999999e-01 -2.8775042e-01
13 5.0999999e-01 -2.8775051e-01
14 5.0999999e-01 -2.8775236e-01
15 5.0999999e-01 -2.8775361e-01
16 5.0999999e-01 -2.8775311e-01
17 5.0999999e-01 -2.8775126e-01
18 5.0999999e-01 -2.8775173e-01
19 5.0999999e-01 -2.8775233e-01
20 5.0999999e-01 -2.8775239e-01
1 5.1999998e-01 -5.8522005e-02
2 5.1999998e-01 -5.8523700e-02
3 5.1999998e-01 -5.8522657e-02
4 5.1999998e-01 -5.8522731e-02
5 5.1999998e-01 -5.8521908e-02
6 5.1999998e-01 -5.8521047e-02
7 5.1999998e-01 -5.8522157e-02
8 5.1999998e-01 -5.8519483e-02
9 5.1999998e-01 -5.8522318e-02
10 5.1999998e-01 -5.8523547e-02
11 5.1999998e-01 -5.8520943e-02
12 5.1999998e-01 -5.8521081e-02
13 5.1999998e-01 -5.8522355e-02
14 5.1999998e-01 -5.8523607e-02
15 5.1999998e-01 -5.8523990e-02
16 5.1999998e-01 -5.8522347e-02
17 5.1999998e-01 -5.8521960e-02
18 5.1999998e-01 -5.8521654e-02
19 5.1999998e-01 -5.8520406e-02
20 5.1999998e-01 -5.8523543e-02
1 5.2999997e-01 1.7552222e-01
2 5.2999997e-01 1.7552193e-01
3 5.2999997e-01 1.7552304e-01
4 5.2999997e-01 1.7552327e-01
5 5.2999997e-01 1.7552315e-01
6 5.2999997e-01 1.7552391e-01
7 5.2999997e-01 1.7552201e-01
8 5.2999997e-01 1.7552327e-01
9 5.2999997e-01 1.7552319e-01
10 5.2999997e-01 1.7552243e-01
11 5.2999997e-01 1.7552276e-01
12 5.2999997e-01 1.7552346e-01
13 5.2999997e-01 1.7552446e-01
14 5.2999997e-01 1.7552437e-01
15 5.2999997e-01 1.7552304e-01
16 5.2999997e-01 1.7552118e-01
17 5.2999997e-01 1.7552325e-01
18 5.2999997e-01 1.7552236e-01
19 5.2999997e-01 1.7552219e-01
20 5.2999997e-01 1.7552181e-01
1 5.4000002e-01 4.0151113e-01
2 5.4000002e-01 4.0151358e-01
3 5.4000002e-01 4.0151346e-01
4 5.4000002e-01 4.0151408e-01
5 5.4000002e-01 4.0151149e-01
6 5.4000002e-01 4.0151256e-01
7 5.4000002e-01 4.0151346e-01
8 5.4000002e-01 4.0151361e-01
9 5.4000002e-01 4.0151384e-01
10 5.4000002e-01 4.0151390e-01
11 5.4000002e-01 4.0151307e-01
12 5.4000002e-01 4.0151232e-01
13 5.4000002e-01 4.0151286e-01
14 5.4000002e-01 4.0151355e-01
15 5.4000002e-01 4.0151212e-01
16 5.4000002e-01 4.0151334e-01
17 5.4000002e-01 4.0151232e-01
18 5.4000002e-01 4.0151280e-01
19 5.4000002e-01 4.0151387e-01
20 5.4000002e-01 4.0151310e-01
1 5.5000001e-01 6.0654837e-01
2 5.5000001e-01 6.0654861e-01
3 5.5000001e-01 6.0654789e-01
4 5.5000001e-01 6.0654706e-01
5 5.5000001e-01 6.0654801e-01
6 5.5000001e-01 6.0654831e-01
7 5.5000001e-01 6.0654747e-01
8 5.5000001e-01 6.0654783e-01
9 5.5000001e-01 6.0654825e-01
10 5.5000001e-01 6.0654724e-01
11 5.5000001e-01 6.0654783e-01
12 5.5000001e-01 6.0654908e-01
13 5.5000001e-01 6.0654896e-01
14 5.5000001e-01 6.0654795e-01
15 5.5000001e-01 6.0654789e-01
16 5.5000001e-01 6.0654712e-01
17 5.5000001e-01 6.0654706e-01
18 5.5000001e-01 6.0654688e-01
19 5.5000001e-01 6.0654718e-01
20 5.5000001e-01 6.0654658e-01
1 5.6000000e-01 7.7841800e-01
2 5.6000000e-01 7.7841884e-01
3 5.6000000e-01 7.7841735e-01
4 5.6000000e-01 7.7841777e-01
5 5.6000000e-01 7.7841723e-01
6 5.6000000e-01 7.7841777e-01
7 5.6000000e-01 7.7841818e-01
8 5.6000000e-01 7.7841771e-01
9 5.6000000e-01 7.7841902e-01
10 5.6000000e-01 7.7841854e-01
11 5.6000000e-01 7.7841794e-01
12 5.6000000e-01 7.7841794e-01
13 5.6000000e-01 7.7841759e-01
14 5.6000000e-01 7.7841771e-01
15 5.6000000e-01 7.7841777e-01
16 5.6000000e-01 7.7841884e-01
17 5.6000000e-01 7.7841824e-01
18 5.6000000e-01 7.7841794e-01
19 5.6000000e-01 7.7841771e-01
20 5.6000000e-01 7.7841789e-01
1 5.6999999e-01 9.0634131e-01
2 5.6999999e-01 9.0634102e-01
3 5.6999999e-01 9.0634102e-01
4 5.6999999e-01 9.0634054e-01
5 5.6999999e-01 9.0634131e-01
6 5.6999999e-01 9.0634054e-01
7 5.6999999e-01 9.0634090e-01
8 5.6999999e-01 9.0634084e-01
9 5.6999999e-01 9.0634125e-01
10 5.6999999e-01 9.0634072e-01
11 5.6999999e-01 9.0634066e-01
12 5.6999999e-01 9.0634114e-01
13 5.6999999e-01 9.0634125e-01
14 5.6999999e-01 9.0634096e-01
15 5.6999999e-01 9.0634060e-01
16 5.6999999e-01 9.0634125e-01
17 5.6999999e-01 9.0634114e-01
18 5.6999999e-01 9.0634125e-01
19 5.6999999e-01 9.0634125e-01
20 5.6999999e-01 9.0634108e-01
1 5.7999998e-01 9.8166317e-01
2 5.7999998e-01 9.8166287e-01
3 5.7999998e-01 9.8166311e-01
4 5.7999998e-01 9.8166364e-01
5 5.7999998e-01 9.8166341e-01
6 5.7999998e-01 9.8166341e-01
7 5.7999998e-01 9.8166317e-01
8 5.7999998e-01 9.8166329e-01
9 5.7999998e-01 9.8166305e-01
10 5.7999998e-01 9.8166329e-01
11 5.7999998e-01 9.8166335e-01
12 5.7999998e-01 9.8166305e-01
13 5.7999998e-01 9.8166311e-01
14 5.7999998e-01 9.8166347e-01
15 5.7999998e-01 9.8166329e-01
16 5.7999998e-01 9.8166311e-01
17 5.7999998e-01 9.8166311e-01
18 5.7999998e-01 9.8166317e-01
19 5.7999998e-01 9.8166341e-01
20 5.7999998e-01 9.8166311e-01
1 5.8999997e-01 9.9849850e-01
2 5.8999997e-01 9.9849856e-01
3 5.8999997e-01 9.9849862e-01
4 5.8999997e-01 9.9849868e-01
5 5.8999997e-01 9.9849862e-01
6 5.8999997e-01 9.9849862e-01
7 5.8999997e-01 9.9849844e-01
8 5.8999997e-01 9.9849856e-01
9 5.8999997e-01 9.9849862e-01
10 5.8999997e-01 9.9849856e-01
11 5.8999997e-01 9.9849850e-01
12 5.8999997e-01 9.9849862e-01
13 5.8999997e-01 9.9849862e-01
14 5.8999997e-01 9.9849862e-01
15 5.8999997e-01 9.9849862e-01
16 5.8999997e-01 9.9849856e-01
17 5.8999997e-01 9.9849862e-01
18 5.8999997e-01 9.9849862e-01
19 5.8999997e-01 9.9849850e-01
20 5.8999997e-01 9.9849850e-01
1 6.0000002e-01 9.5425081e-01
2 6.0000002e-01 9.5425123e-01
3 6.0000002e-01 9.5425093e-01
4 6.0000002e-01 9.5425105e-01
5 6.0000002e-01 9.5425069e-01
6 6.0000002e-01 9.5425081e-01
7 6.0000002e-01 9.5425087e-01
8 6.0000002e-01 9.5425087e-01
9 6.0000002e-01 9.5425087e-01
10 6.0000002e-01 9.5425040e-01
11 6.0000002e-01 9.5425099e-01
12 6.0000002e-01 9.5425123e-01
13 6.0000002e-01 9.5425057e-01
14 6.0000002e-01 9.5425123e-01
15 6.0000002e-01 9.5425105e-01
16 6.0000002e-01 9.5425045e-01
17 6.0000002e-01 9.5425081e-01
18 6.0000002e-01 9.5425087e-01
19 6.0000002e-01 9.5425057e-01
20 6.0000002e-01 9.5425117e-01
1 6.1000001e-01 8.4998351e-01
2 6.1000001e-01 8.4998399e-01
3 6.1000001e-01 8.4998477e-01
4 6.1000001e-01 8.4998435e-01
5 6.1000001e-01 8.4998399e-01
6 6.1000001e-01 8.4998447e-01
7 6.1000001e-01 8.4998393e-01
8 6.1000001e-01 8.4998441e-01
9 6.1000001e-01 8.4998459e-01
10 6.1000001e-01 8.4998369e-01
11 6.1000001e-01 8.4998441e-01
12 6.1000001e-01 8.4998387e-01
13 6.1000001e-01 8.4998405e-01
14 6.1000001e-01 8.4998477e-01
15 6.1000001e-01 8.4998363e-01
16 6.1000001e-01 8.4998369e-01
17 6.1000001e-01 8.4998399e-01
18 6.1000001e-01 8.4998447e-01
19 6.1000001e-01 8.4998363e-01
20 6.1000001e-01 8.4998363e-01
1 6.2000000e-01 6.9059610e-01
2 6.2000000e-01 6.9059443e-01
3 6.2000000e-01 6.9059443e-01
4 6.2000000e-01 6.9059628e-01
5 6.2000000e-01 6.9059575e-01
6 6.2000000e-01 6.9059658e-01
7 6.2000000e-01 6.9059491e-01
8 6.2000000e-01 6.9059700e-01
9 6.2000000e-01 6.9059587e-01
10 6.2000000e-01 6.9059539e-01
11 6.2000000e-01 6.9059682e-01
12 6.2000000e-01 6.9059563e-01
13 6.2000000e-01 6.9059700e-01
14 6.2000000e-01 6.9059557e-01
15 6.2000000e-01 6.9059551e-01
16 6.2000000e-01 6.9059539e-01
17 6.2000000e-01 6.9059491e-01
18 6.2000000e-01 6.9059622e-01
19 6.2000000e-01 6.9059598e-01
20 6.2000000e-01 6.9059569e-01
1 6.3000000e-01 4.8477322e-01
2 6.3000000e-01 4.8477226e-01
3 6.3000000e-01 4.8477319e-01
4 6.3000000e-01 4.8477098e-01
5 6.3000000e-01 4.8477274e-01
6 6.3000000e-01 4.8477298e-01
7 6.3000000e-01 4.8477319e-01
8 6.3000000e-01 4.8477334e-01
9 6.3000000e-01 4.8477337e-01
10 6.3000000e-01 4.8477152e-01
11 6.3000000e-01 4.8477343e-01
12 6.3000000e-01 4.8477143e-01
13 6.3000000e-01 4.8477024e-01
14 6.3000000e-01 4.8477426e-01
15 6.3000000e-01 4.8477194e-01
16 6.3000000e-01 4.8477298e-01
17 6.3000000e-01 4.8477262e-01
18 6.3000000e-01 4.8477292e-01
19 6.3000000e-01 4.8477209e-01
20 6.3000000e-01 4.8477238e-01
1 6.3999999e-01 2.4469185e-01
2 6.3999999e-01 2.4469286e-01
3 6.3999999e-01 2.4469395e-01
4 6.3999999e-01 2.4469270e-01
5 6.3999999e-01 2.4469236e-01
6 6.3999999e-01 2.4469399e-01
7 6.3999999e-01 2.4469335e-01
8 6.3999999e-01 2.4469259e-01
9 6.3999999e-01 2.4469154e-01
10 6.3999999e-01 2.4469142e-01
11 6.3999999e-01 2.4469049e-01
12 6.3999999e-01 2.4469228e-01
13 6.3999999e-01 2.4469118e-01
14 6.3999999e-01 2.4469201e-01
15 6.3999999e-01 2.4469003e-01
16 6.3999999e-01 2.4469201e-01
17 6.3999999e-01 2.4468997e-01
18 6.3999999e-01 2.4469134e-01
19 6.3999999e-01 2.4469143e-01
20 6.3999999e-01 2.4469291e-01
1 6.4999998e-01 -1.4519935e-02
2 6.4999998e-01 -1.4520165e-02
3 6.4999998e-01 -1.4522416e-02
4 6.4999998e-01 -1.4521508e-02
5 6.4999998e-01 -1.4520954e-02
6 6.4999998e-01 -1.4522553e-02
7 6.4999998e-01 -1.4521367e-02
8 6.4999998e-01 -1.4522778e-02
9 6.4999998e-01 -1.4519355e-02
10 6.4999998e-01 -1.4521869e-02
11 6.4999998e-01 -1.4521148e-02
12 6.4999998e-01 -1.4518321e-02
13 6.4999998e-01 -1.4518571e-02
14 6.4999998e-01 -1.4518581e-02
15 6.4999998e-01 -1.4520898e-02
16 6.4999998e-01 -1.4522275e-02
17 6.4999998e-01 -1.4519726e-02
18 6.4999998e-01 -1.4519566e-02
19 6.4999998e-01 -1.4518740e-02
20 6.4999998e-01 -1.4518622e-02
1 6.6000003e-01 -2.7559656e-01
2 6.6000003e-01 -2.7559450e-01
3 6.6000003e-01 -2.7559721e-01
4 6.6000003e-01 -2.7559593e-01
5 6.6000003e-01 -2.7559510e-01
6 6.6000003e-01 -2.7559561e-01
7 6.6000003e-01 -2.7559322e-01
8 6.6000003e-01 -2.7559334e-01
9 6.6000003e-01 -2.7559555e-01
10 6.6000003e-01 -2.7559522e-01
11 6.6000003e-01 -2.7559584e-01
12 6.6000003e-01 -2.7559444e-01
13 6.6000003e-01 -2.7559254e-01
14 6.6000003e-01 -2.7559537e-01
15 6.6000003e-01 -2.7559346e-01
16 6.6000003e-01 -2.7559590e-01
17 6.6000003e-01 -2.7559423e-01
18 6.6000003e-01 -2.7559572e-01
19 6.6000003e-01 -2.7559608e-01
20 6.6000003e-01 -2.7559745e-01
1 6.7000002e-01 -5.2013361e-01
2 6.7000002e-01 -5.2013320e-01
3 6.7000002e-01 -5.2013367e-01
4 6.7000002e-01 -5.2013403e-01
5 6.7000002e-01 -5.2013439e-01
6 6.7000002e-01 -5.2013516e-01
7 6.7000002e-01 -5.2013421e-01
8 6.7000002e-01 -5.2013487e-01
9 6.7000002e-01 -5.2013791e-01
10 6.7000002e-01 -5.2013576e-01
11 6.7000002e-01 -5.2013487e-01
12 6.7000002e-01 -5.2013671e-01
13 6.7000002e-01 -5.2013791e-01
14 6.7000002e-01 -5.2013195e-01
15 6.7000002e-01 -5.2013534e-01
16 6.7000002e-01 -5.2013433e-01
17 6.7000002e-01 -5.2013618e-01
18 6.7000002e-01 -5.2013719e-01
19 6.7000002e-01 -5.2013558e-01
20 6.7000002e-01 -5.2013242e-01
1 6.8000001e-01 -7.2983712e-01
2 6.8000001e-01 -7.2983873e-01
3 6.8000001e-01 -7.2983885e-01
4 6.8000001e-01 -7.2983962e-01
5 6.8000001e-01 -7.2984046e-01
6 6.8000001e-01 -7.2983766e-01
7 6.8000001e-01 -7.2984028e-01
8 6.8000001e-01 -7.2983861e-01
9 6.8000001e-01 -7.2983581e-01
10 6.8000001e-01 -7.2983974e-01
11 6.8000001e-01 -7.2983694e-01
12 6.8000001e-01 -7.2983956e-01
13 6.8000001e-01 -7.2983718e-01
14 6.8000001e-01 -7.2983980e-01
15 6.8000001e-01 -7.2984165e-01
16 6.8000001e-01 -7.2983998e-01
17 6.8000001e-01 -7.2983867e-01
18 6.8000001e-01 -7.2983694e-01
19 6.8000001e-01 -7.2984082e-01
20 6.8000001e-01 -7.2983706e-01
1 6.9000000e-01 -8.8783014e-01
2 6.9000000e-01 -8.8783383e-01
3 6.9000000e-01 -8.8783234e-01
4 6.9000000e-01 -8.8783258e-01
5 6.9000000e-01 -8.8783199e-01
6 6.9000000e-01 -8.8783211e-01
7 6.9000000e-01 -8.8783258e-01
8 6.9000000e-01 -8.8783365e-01
9 6.9000000e-01 -8.8783455e-01
10 6.9000000e-01 -8.8783324e-01
11 6.9000000e-01 -8.8783443e-01
12 6.9000000e-01 -8.8783300e-01
13 6.9000000e-01 -8.8783520e-01
14 6.9000000e-01 -8.8782972e-01
15 6.9000000e-01 -8.8782918e-01
16 6.9000000e-01 -8.8783211e-01
17 6.9000000e-01 -8.8783115e-01
18 6.9000000e-01 -8.8783568e-01
19 6.9000000e-01 -8.8783455e-01
20 6.9000000e-01 -8.8783109e-01
1 6.9999999e-01 -9.8006290e-01
2 6.9999999e-01 -9.8006481e-01
3 6.9999999e-01 -9.8006171e-01
4 6.9999999e-01 -9.8006767e-01
5 6.9999999e-01 -9.8006350e-01
6 6.9999999e-01 -9.8006237e-01
7 6.9999999e-01 -9.8006177e-01
8 6.9999999e-01 -9.8006552e-01
9 6.9999999e-01 -9.8006493e-01
10 6.9999999e-01 -9.8006594e-01
11 6.9999999e-01 -9.8006386e-01
12 6.9999999e-01 -9.8006183e-01
13 6.9999999e-01 -9.8006523e-01
14 6.9999999e-01 -9.8006654e-01
15 6.9999999e-01 -9.8006165e-01
16 6.9999999e-01 -9.8006541e-01
17 6.9999999e-01 -9.8006445e-01
18 6.9999999e-01 -9.8006201e-01
19 6.9999999e-01 -9.8006487e-01
20 6.9999999e-01 -9.8005986e-01
1 7.0999998e-01 -9.9664050e-01
2 7.0999998e-01 -9.9663913e-01
3 7.0999998e-01 -9.9663717e-01
4 7.0999998e-01 -9.9664307e-01
5 7.0999998e-01 -9.9663609e-01
6 7.0999998e-01 -9.9663872e-01
7 7.0999998e-01 -9.9663818e-01
8 7.0999998e-01 -9.9663925e-01
9 7.0999998e-01 -9.9663883e-01
10 7.0999998e-01 -9.9663979e-01
11 7.0999998e-01 -9.9663842e-01
12 7.0999998e-01 -9.9664110e-01
13 7.0999998e-01 -9.9663669e-01
14 7.0999998e-01 -9.9663502e-01
15 7.0999998e-01 -9.9664003e-01
16 7.0999998e-01 -9.9664134e-01
17 7.0999998e-01 -9.9664503e-01
18 7.0999998e-01 -9.9663746e-01
19 7.0999998e-01 -9.9663794e-01
20 7.0999998e-01 -9.9664545e-01
1 7.2000003e-01 -9.3301892e-01
2 7.2000003e-01 -9.3302011e-01
3 7.2000003e-01 -9.3301648e-01
4 7.2000003e-01 -9.3301773e-01
5 7.2000003e-01 -9.3302011e-01
6 7.2000003e-01 -9.3301797e-01
7 7.2000003e-01 -9.3301547e-01
8 7.2000003e-01 -9.3301839e-01
9 7.2000003e-01 -9.3301898e-01
10 7.2000003e-01 -9.3301994e-01
11 7.2000003e-01 -9.3301594e-01
12 7.2000003e-01 -9.3301618e-01
13 7.2000003e-01 -9.3301672e-01
14 7.2000003e-01 -9.3302250e-01
15 7.2000003e-01 -9.3301493e-01
16 7.2000003e-01 -9.3301541e-01
17 7.2000003e-01 -9.3301332e-01
18 7.2000003e-01 -9.3301666e-01
19 7.2000003e-01 -9.3301332e-01
20 7.2000003e-01 -9.3302029e-01
1 7.3000002e-01 -7.9092443e-01
2 7.3000002e-01 -7.9092246e-01
3 7.3000002e-01 -7.9092360e-01
4 7.3000002e-01 -7.9092515e-01
5 7.3000002e-01 -7.9092574e-01
6 7.3000002e-01 -7.9092634e-01
7 7.3000002e-01 -7.9092139e-01
8 7.3000002e-01 -7.9092705e-01
9 7.3000002e-01 -7.9092401e-01
10 7.3000002e-01 -7.9092848e-01
11 7.3000002e-01 -7.9092580e-01
12 7.3000002e-01 -7.9092628e-01
13 7.3000002e-01 -7.9092598e-01
14 7.3000002e-01 -7.9092497e-01
15 7.3000002e-01 -7.9092216e-01
16 7.3000002e-01 -7.9092956e-01
17 7.3000002e-01 -7.9092187e-01
18 7.3000002e-01 -7.9092485e-01
19 7.3000002e-01 -7.9092515e-01
20 7.3000002e-01 -7.9092729e-01
1 7.4000001e-01 -5.7887620e-01
2 7.4000001e-01 -5.7888019e-01
3 7.4000001e-01 -5.7887787e-01
4 7.4000001e-01 -5.7888132e-01
5 7.4000001e-01 -5.7887852e-01
6 7.4000001e-01 -5.7888305e-01
7 7.4000001e-01 -5.7888031e-01
8 7.4000001e-01 -5.7887834e-01
9 7.4000001e-01 -5.7887673e-01
10 7.4000001e-01 -5.7887846e-01
11 7.4000001e-01 -5.7887840e-01
12 7.4000001e-01 -5.7887769e-01
13 7.4000001e-01 -5.7887840e-01
14 7.4000001e-01 -5.7887757e-01
15 7.4000001e-01 -5.7887375e-01
16 7.4000001e-01 -5.7888126e-01
17 7.4000001e-01 -5.7887703e-01
18 7.4000001e-01 -5.7887608e-01
19 7.4000001e-01 -5.7887685e-01
20 7.4000001e-01 -5.7887417e-01
1 7.5000000e-01 -3.1220821e-01
2 7.5000000e-01 -3.1220838e-01
3 7.5000000e-01 -3.1220922e-01
4 7.5000000e-01 -3.1220841e-01
5 7.5000000e-01 -3.1220892e-01
6 7.5000000e-01 -3.1220654e-01
7 7.5000000e-01 -3.1220827e-01
8 7.5000000e-01 -3.1220666e-01
9 7.5000000e-01 -3.1221244e-01
10 7.5000000e-01 -3.1220728e-01
11 7.5000000e-01 -3.1220970e-01
12 7.5000000e-01 -3.1220841e-01
13 7.5000000e-01 -3.1220910e-01
14 7.5000000e-01 -3.1221047e-01
15 7.5000000e-01 -3.1220961e-01
16 7.5000000e-01 -3.1220639e-01
17 7.5000000e-01 -3.1220868e-01
18 7.5000000e-01 -3.1221196e-01
19 7.5000000e-01 -3.1221300e-01
20 7.5000000e-01 -3.1220850e-01
1 7.5999999e-01 -1.2496980e-02
2 7.5999999e-01 -1.2495628e-02
3 7.5999999e-01 -1.2496012e-02
4 7.5999999e-01 -1.2496469e-02
5 7.5999999e-01 -1.2497041e-02
6 7.5999999e-01 -1.2495636e-02
7 7.5999999e-01 -1.2496149e-02
8 7.5999999e-01 -1.2495940e-02
9 7.5999999e-01 -1.2495250e-02
10 7.5999999e-01 -1.2500739e-02
11 7.5999999e-01 -1.2497860e-02
12 7.5999999e-01 -1.2499837e-02
13 7.5999999e-01 -1.2499940e-02
14 7.5999999e-01 -1.2496446e-02
15 7.5999999e-01 -1.2492743e-02
16 7.5999999e-01 -1.2497404e-02
17 7.5999999e-01 -1.2498423e-02
18 7.5999999e-01 -1.2498300e-02
19 7.5999999e-01 -1.2496124e-02
20 7.5999999e-01 -1.2497136e-02
1 7.6999998e-01 2.9366872e-01
2 7.6999998e-01 2.9366869e-01
3 7.6999998e-01 2.9366866e-01
4 7.6999998e-01 2.9366928e-01
5 7.6999998e-01 2.9366770e-01
6 7.6999998e-01 2.9366979e-01
7 7.6999998e-01 2.9366750e-01
8 7.6999998e-01 2.9367042e-01
9 7.6999998e-01 2.9366812e-01
10 7.6999998e-01 2.9366586e-01
11 7.6999998e-01 2.9367071e-01
12 7.6999998e-01 2.9367083e-01
13 7.6999998e-01 2.9366919e-01
14 7.6999998e-01 2.9367012e-01
15 7.6999998e-01 2.9366893e-01
16 7.6999998e-01 2.9366851e-01
17 7.6999998e-01 2.9367030e-01
18 7.6999998e-01 2.9366967e-01
19 7.6999998e-01 2.9366824e-01
20 7.6999998e-01 2.9366508e-01
1 7.7999997e-01 5.7659376e-01
2 7.7999997e-01 5.7659805e-01
3 7.7999997e-01 5.7659507e-01
4 7.7999997e-01 5.7659590e-01
5 7.7999997e-01 5.7659674e-01
6 7.7999997e-01 5.7659483e-01
7 7.7999997e-01 5.7659495e-01
8 7.7999997e-01 5.7659692e-01
9 7.7999997e-01 5.7659769e-01
10 7.7999997e-01 5.7659376e-01
11 7.7999997e-01 5.7659322e-01
12 7.7999997e-01 5.7659358e-01
13 7.7999997e-01 5.7659507e-01
14 7.7999997e-01 5.7659543e-01
15 7.7999997e-01 5.7659411e-01
16 7.7999997e-01 5.7659632e-01
17 7.7999997e-01 5.7659638e-01
18 7.7999997e-01 5.7659626e-01
19 7.7999997e-01 5.7659668e-01
20 7.7999997e-01 5.7659602e-01
1 7.9000002e-01 8.0603302e-01
2 7.9000002e-01 8.0603331e-01
3 7.9000002e-01 8.0603498e-01
4 7.9000002e-01 8.0603492e-01
5 7.9000002e-01 8.0603433e-01
6 7.9000002e-01 8.0603468e-01
7 7.9000002e-01 8.0603468e-01
8 7.9000002e-01 8.0603588e-01
9 7.9000002e-01 8.0603421e-01
10 7.9000002e-01 8.0603456e-01
11 7.9000002e-01 8.0603385e-01
12 7.9000002e-01 8.0603379e-01
13 7.9000002e-01 8.0603516e-01
14 7.9000002e-01 8.0603480e-01
15 7.9000002e-01 8.0603540e-01
16 7.9000002e-01 8.0603397e-01
17 7.9000002e-01 8.0603421e-01
18 7.9000002e-01 8.0603510e-01
19 7.9000002e-01 8.0603510e-01
20 7.9000002e-01 8.0603528e-01
1 8.0000001e-01 9.5425147e-01
2 8.0000001e-01 9.5425051e-01
3 8.0000001e-01 9.5425135e-01
4 8.0000001e-01 9.5425099e-01
5 8.0000001e-01 9.5425195e-01
6 8.0000001e-01 9.5425177e-01
7 8.0000001e-01 9.5425123e-01
8 8.0000001e-01 9.5425123e-01
9 8.0000001e-01 9.5425045e-01
10 8.0000001e-01 9.5425081e-01
11 8.0000001e-01 9.5425093e-01
12 8.0000001e-01 9.5425123e-01
13 8.0000001e-01 9.5425129e-01
14 8.0000001e-01 9.5425189e-01
15 8.0000001e-01 9.5425099e-01
16 8.0000001e-01 9.5425093e-01
17 8.0000001e-01 9.5425135e-01
18 8.0000001e-01 9.5425081e-01
19 8.0000001e-01 9.5425111e-01
20 8.0000001e-01 9.5425117e-01
1 8.1000000e-01 9.9943936e-01
2 8.1000000e-01 9.9943924e-01
3 8.1000000e-01 9.9943942e-01
4 8.1000000e-01 9.9943942e-01
5 8.1000000e-01 9.9943948e-01
6 8.1000000e-01 9.9943930e-01
7 8.1000000e-01 9.9943936e-01
8 8.1000000e-01 9.9943930e-01
9 8.1000000e-01 9.9943936e-01
10 8.1000000e-01 9.9943936e-01
11 8.1000000e-01 9.9943930e-01
12 8.1000000e-01 9.9943942e-01
13 8.1000000e-01 9.9943936e-01
14 8.1000000e-01 9.9943948e-01
15 8.1000000e-01 9.9943936e-01
16 8.1000000e-01 9.9943936e-01
17 8.1000000e-01 9.9943942e-01
18 8.1000000e-01 9.9943936e-01
19 8.1000000e-01 9.9943930e-01
20 8.1000000e-01 9.9943930e-01
1 8.1999999e-01 9.2915946e-01
2 8.1999999e-01 9.2915875e-01
3 8.1999999e-01 9.2915910e-01
4 8.1999999e-01 9.2915833e-01
5 8.1999999e-01 9.2915952e-01
6 8.1999999e-01 9.2915833e-01
7 8.1999999e-01 9.2915964e-01
8 8.1999999e-01 9.2915952e-01
9 8.1999999e-01 9.2915982e-01
10 8.1999999e-01 9.2916030e-01
11 8.1999999e-01 9.2915899e-01
12 8.1999999e-01 9.2915970e-01
13 8.1999999e-01 9.2915863e-01
14 8.1999999e-01 9.2915899e-01
15 8.1999999e-01 9.2915958e-01
16 8.1999999e-01 9.2915958e-01
17 8.1999999e-01 9.2915881e-01
18 8.1999999e-01 9.2915958e-01
19 8.1999999e-01 9.2915922e-01
20 8.1999999e-01 9.2915899e-01
1 8.2999998e-01 7.4344051e-01
2 8.2999998e-01 7.4343961e-01
3 8.2999998e-01 7.4344069e-01
4 8.2999998e-01 7.4343783e-01
5 8.2999998e-01 7.4343795e-01
6 8.2999998e-01 7.4343830e-01
7 8.2999998e-01 7.4344039e-01
8 8.2999998e-01 7.4344277e-01
9 8.2999998e-01 7.4344033e-01
10 8.2999998e-01 7.4344069e-01
11 8.2999998e-01 7.4344158e-01
12 8.2999998e-01 7.4343896e-01
13 8.2999998e-01 7.4343884e-01
14 8.2999998e-01 7.4344087e-01
15 8.2999998e-01 7.4343991e-01
16 8.2999998e-01 7.4344021e-01
17 8.2999998e-01 7.4343932e-01
18 8.2999998e-01 7.4343944e-01
19 8.2999998e-01 7.4343771e-01
20 8.2999998e-01 7.4343979e-01
1 8.3999997e-01 4.5706517e-01
2 8.3999997e-01 4.5706090e-01
3 8.3999997e-01 4.5706129e-01
4 8.3999997e-01 4.5706370e-01
5 8.3999997e-01 4.5706365e-01
6 8.3999997e-01 4.5706263e-01
7 8.3999997e-01 4.5706269e-01
8 8.3999997e-01 4.5706484e-01
9 8.3999997e-01 4.5706198e-01
10 8.3999997e-01 4.5706007e-01
11 8.3999997e-01 4.5706427e-01
12 8.3999997e-01 4.5706114e-01
13 8.3999997e-01 4.5706394e-01
14 8.3999997e-01 4.5706162e-01
15 8.3999997e-01 4.5705891e-01
16 8.3999997e-01 4.5706114e-01
17 8.3999997e-01 4.5706096e-01
18 8.3999997e-01 4.5705998e-01
19 8.3999997e-01 4.5705986e-01
20 8.3999997e-01 4.5706037e-01
1 8.5000002e-01 1.0047253e-01
2 8.5000002e-01 1.0047294e-01
3 8.5000002e-01 1.0047413e-01
4 8.5000002e-01 1.0047232e-01
5 8.5000002e-01 1.0047540e-01
6 8.5000002e-01 1.0047544e-01
7 8.5000002e-01 1.0047528e-01
8 8.5000002e-01 1.0047366e-01
9 8.5000002e-01 1.0047404e-01
10 8.5000002e-01 1.0047671e-01
11 8.5000002e-01 1.0047643e-01
12 8.5000002e-01 1.0047775e-01
13 8.5000002e-01 1.0047693e-01
14 8.5000002e-01 1.0047612e-01
15 8.5000002e-01 1.0047518e-01
16 8.5000002e-01 1.0048024e-01
17 8.5000002e-01 1.0047545e-01
18 8.5000002e-01 1.0047447e-01
19 8.5000002e-01 1.0047330e-01
20 8.5000002e-01 1.0048056e-01
1 8.6000001e-01 -2.8120181e-01
2 8.6000001e-01 -2.8120154e-01
3 8.6000001e-01 -2.8120086e-01
4 8.6000001e-01 -2.8119639e-01
5 8.6000001e-01 -2.8119752e-01
6 8.6000001e-01 -2.8119668e-01
7 8.6000001e-01 -2.8120074e-01
8 8.6000001e-01 -2.8119341e-01
9 8.6000001e-01 -2.8119373e-01
10 8.6000001e-01 -2.8119838e-01
11 8.6000001e-01 -2.8119618e-01
12 8.6000001e-01 -2.8119868e-01
13 8.6000001e-01 -2.8119639e-01
14 8.6000001e-01 -2.8119960e-01
15 8.6000001e-01 -2.8119862e-01
16 8.6000001e-01 -2.8119940e-01
17 8.6000001e-01 -2.8119785e-01
18 8.6000001e-01 -2.8119487e-01
19 8.6000001e-01 -2.8119963e-01
20 8.6000001e-01 -2.8119841e-01
1 8.7000000e-01 -6.3166249e-01
2 8.7000000e-01 -6.3166499e-01
3 8.7000000e-01 -6.3165915e-01
4 8.7000000e-01 -6.3166273e-01
5 8.7000000e-01 -6.3166386e-01
6 8.7000000e-01 -6.3166416e-01
7 8.7000000e-01 -6.3166302e-01
8 8.7000000e-01 -6.3165879e-01
9 8.7000000e-01 -6.3166779e-01
10 8.7000000e-01 -6.3165915e-01
11 8.7000000e-01 -6.3166153e-01
12 8.7000000e-01 -6.3166034e-01
13 8.7000000e-01 -6.3165814e-01
14 8.7000000e-01 -6.3166404e-01
15 8.7000000e-01 -6.3166678e-01
16 8.7000000e-01 -6.3166463e-01
17 8.7000000e-01 -6.3165963e-01
18 8.7000000e-01 -6.3165426e-01
19 8.7000000e-01 -6.3166523e-01
20 8.7000000e-01 -6.3165826e-01
1 8.8000000e-01 -8.8978863e-01
2 8.8000000e-01 -8.8979220e-01
3 8.8000000e-01 -8.8978612e-01
4 8.8000000e-01 -8.8978279e-01
5 8.8000000e-01 -8.8979059e-01
6 8.8000000e-01 -8.8979238e-01
7 8.8000000e-01 -8.8979405e-01
8 8.8000000e-01 -8.8978815e-01
9 8.8000000e-01 -8.8979322e-01
10 8.8000000e-01 -8.8979787e-01
11 8.8000000e-01 -8.8979268e-01
12 8.8000000e-01 -8.8979053e-01
13 8.8000000e-01 -8.8979053e-01
14 8.8000000e-01 -8.8979667e-01
15 8.8000000e-01 -8.8979352e-01
16 8.8000000e-01 -8.8978708e-01
17 8.8000000e-01 -8.8979769e-01
18 8.8000000e-01 -8.8978791e-01
19 8.8000000e-01 -8.8979554e-01
20 8.8000000e-01 -8.8979620e-01
1 8.8999999e-01 -9.9902624e-01
2 8.8999999e-01 -9.9901688e-01
3 8.8999999e-01 -9.9902529e-01
4 8.8999999e-01 -9.9902254e-01
5 8.8999999e-01 -9.9902648e-01
6 8.8999999e-01 -9.9901879e-01
7 8.8999999e-01 -9.9901575e-01
8 8.8999999e-01 -9.9901628e-01
9 8.8999999e-01 -9.9901676e-01
10 8.8999999e-01 -9.9902993e-01
11 8.8999999e-01 -9.9901909e-01
12 8.8999999e-01 -9.9902028e-01
13 8.8999999e-01 -9.9901432e-01
14 8.8999999e-01 -9.9901998e-01
15 8.8999999e-01 -9.9902576e-01
16 8.8999999e-01 -9.9902356e-01
17 8.8999999e-01 -9.9901932e-01
18 8.8999999e-01 -9.9902487e-01
19 8.8999999e-01 -9.9902242e-01
20 8.8999999e-01 -9.9902070e-01
1 8.9999998e-01 -9.1940075e-01
2 8.9999998e-01 -9.1940498e-01
3 8.9999998e-01 -9.1939330e-01
4 8.9999998e-01 -9.1940320e-01
5 8.9999998e-01 -9.1939437e-01
6 8.9999998e-01 -9.1939938e-01
7 8.9999998e-01 -9.1939843e-01
8 8.9999998e-01 -9.1939992e-01
9 8.9999998e-01 -9.1940355e-01
10 8.9999998e-01 -9.1940176e-01
11 8.9999998e-01 -9.1940105e-01
12 8.9999998e-01 -9.1940117e-01
13 8.9999998e-01 -9.1939592e-01
14 8.9999998e-01 -9.1940117e-01
15 8.9999998e-01 -9.1940337e-01
16 8.9999998e-01 -9.1940236e-01
17 8.9999998e-01 -9.1939956e-01
18 8.9999998e-01 -9.1940498e-01
19 8.9999998e-01 -9.1940731e-01
20 8.9999998e-01 -9.1940379e-01
1 9.1000003e-01 -6.4135039e-01
2 9.1000003e-01 -6.4135545e-01
3 9.1000003e-01 -6.4135331e-01
4 9.1000003e-01 -6.4135957e-01
5 9.1000003e-01 -6.4136058e-01
6 9.1000003e-01 -6.4134938e-01
7 9.1000003e-01 -6.4136070e-01
8 9.1000003e-01 -6.4134568e-01
9 9.1000003e-01 -6.4134610e-01
10 9.1000003e-01 -6.4135581e-01
11 9.1000003e-01 -6.4135367e-01
12 9.1000003e-01 -6.4135689e-01
13 9.1000003e-01 -6.4136010e-01
14 9.1000003e-01 -6.4135677e-01
15 9.1000003e-01 -6.4136058e-01
16 9.1000003e-01 -6.4135373e-01
17 9.1000003e-01 -6.4136034e-01
18 9.1000003e-01 -6.4135766e-01
19 9.1000003e-01 -6.4135832e-01
20 9.1000003e-01 -6.4135510e-01
1 9.2000002e-01 -1.9899492e-01
2 9.2000002e-01 -1.9899777e-01
3 9.2000002e-01 -1.9899736e-01
4 9.2000002e-01 -1.9899468e-01
5 9.2000002e-01 -1.9899204e-01
6 9.2000002e-01 -1.9898944e-01
7 9.2000002e-01 -1.9900073e-01
8 9.2000002e-01 -1.9899330e-01
9 9.2000002e-01 -1.9899689e-01
10 9.2000002e-01 -1.9898880e-01
11 9.2000002e-01 -1.9900261e-01
12 9.2000002e-01 -1.9899504e-01
13 9.2000002e-01 -1.9899519e-01
14 9.2000002e-01 -1.9899301e-01
15 9.2000002e-01 -1.9900183e-01
16 9.2000002e-01 -1.9900088e-01
17 9.2000002e-01 -1.9899206e-01
18 9.2000002e-01 -1.9899295e-01
19 9.2000002e-01 -1.9900021e-01
20 9.2000002e-01 -1.9899601e-01
1 9.3000001e-01 3.2055336e-01
2 9.3000001e-01 3.2054898e-01
3 9.3000001e-01 3.2055214e-01
4 9.3000001e-01 3.2055736e-01
5 9.3000001e-01 3.2055274e-01
6 9.3000001e-01 3.2055137e-01
7 9.3000001e-01 3.2054824e-01
8 9.3000001e-01 3.2055330e-01
9 9.3000001e-01 3.2055241e-01
10 9.3000001e-01 3.2055679e-01
11 9.3000001e-01 3.2054946e-01
12 9.3000001e-01 3.2054839e-01
13 9.3000001e-01 3.2055759e-01
14 9.3000001e-01 3.2054967e-01
15 9.3000001e-01 3.2055163e-01
16 9.3000001e-01 3.2054633e-01
17 9.3000001e-01 3.2054722e-01
18 9.3000001e-01 3.2054570e-01
19 9.3000001e-01 3.2054779e-01
20 9.3000001e-01 3.2054672e-01
1 9.4000000e-01 7.7748680e-01
2 9.4000000e-01 7.7748859e-01
3 9.4000000e-01 7.7748543e-01
4 9.4000000e-01 7.7748448e-01
5 9.4000000e-01 7.7748650e-01
6 9.4000000e-01 7.7748740e-01
7 9.4000000e-01 7.7748591e-01
8 9.4000000e-01 7.7748656e-01
9 9.4000000e-01 7.7749091e-01
10 9.4000000e-01 7.7748656e-01
11 9.4000000e-01 7.7748966e-01
12 9.4000000e-01 7.7748799e-01
13 9.4000000e-01 7.7748364e-01
14 9.4000000e-01 7.7748591e-01
15 9.4000000e-01 7.7748674e-01
16 9.4000000e-01 7.7748907e-01
17 9.4000000e-01 7.7748919e-01
18 9.4000000e-01 7.7749056e-01
19 9.4000000e-01 7.7749079e-01
20 9.4000000e-01 7.7748555e-01
1 9.4999999e-01 9.9768746e-01
2 9.4999999e-01 9.9768692e-01
3 9.4999999e-01 9.9768722e-01
4 9.4999999e-01 9.9768728e-01
5 9.4999999e-01 9.9768758e-01
6 9.4999999e-01 9.9768746e-01
7 9.4999999e-01 9.9768758e-01
8 9.4999999e-01 9.9768710e-01
9 9.4999999e-01 9.9768758e-01
10 9.4999999e-01 9.9768698e-01
11 9.4999999e-01 9.9768746e-01
12 9.4999999e-01 9.9768722e-01
13 9.4999999e-01 9.9768734e-01
14 9.4999999e-01 9.9768734e-01
15 9.4999999e-01 9.9768704e-01
16 9.4999999e-01 9.9768686e-01
17 9.4999999e-01 9.9768770e-01
18 9.4999999e-01 9.9768710e-01
19 9.4999999e-01 9.9768686e-01
20 9.4999999e-01 9.9768704e-01
1 9.5999998e-01 8.2119036e-01
2 9.5999998e-01 8.2119453e-01
3 9.5999998e-01 8.2119137e-01
4 9.5999998e-01 8.2118762e-01
5 9.5999998e-01 8.2118940e-01
6 9.5999998e-01 8.2119167e-01
7 9.5999998e-01 8.2118988e-01
8 9.5999998e-01 8.2119131e-01
9 9.5999998e-01 8.2119417e-01
10 9.5999998e-01 8.2119113e-01
11 9.5999998e-01 8.2119066e-01
12 9.5999998e-01 8.2119101e-01
13 9.5999998e-01 8.2119036e-01
14 9.5999998e-01 8.2118905e-01
15 9.5999998e-01 8.2119107e-01
16 9.5999998e-01 8.2118893e-01
17 9.5999998e-01 8.2119334e-01
18 9.5999998e-01 8.2118982e-01
19 9.5999998e-01 8.2118767e-01
20 9.5999998e-01 8.2119209e-01
1 9.7000003e-01 1.9760527e-01
2 9.7000003e-01 1.9761601e-01
3 9.7000003e-01 1.9760570e-01
4 9.7000003e-01 1.9761010e-01
5 9.7000003e-01 1.9760877e-01
6 9.7000003e-01 1.9761449e-01
7 9.7000003e-01 1.9761786e-01
8 9.7000003e-01 1.9761957e-01
9 9.7000003e-01 1.9761212e-01
10 9.7000003e-01 1.9760968e-01
11 9.7000003e-01 1.9761477e-01
12 9.7000003e-01 1.9760829e-01
13 9.7000003e-01 1.9760318e-01
14 9.7000003e-01 1.9760799e-01
15 9.7000003e-01 1.9761214e-01
16 9.7000003e-01 1.9760658e-01
17 9.7000003e-01 1.9761337e-01
18 9.7000003e-01 1.9760661e-01
19 9.7000003e-01 1.9760641e-01
20 9.7000003e-01 1.9760227e-01
1 9.8000002e-01 -6.4855582e-01
2 9.8000002e-01 -6.4855641e-01
3 9.8000002e-01 -6.4855134e-01
4 9.8000002e-01 -6.4855957e-01
5 9.8000002e-01 -6.4856154e-01
6 9.8000002e-01 -6.4856446e-01
7 9.8000002e-01 -6.4857203e-01
8 9.8000002e-01 -6.4855689e-01
9 9.8000002e-01 -6.4856791e-01
10 9.8000002e-01 -6.4857459e-01
11 9.8000002e-01 -6.4856642e-01
12 9.8000002e-01 -6.4856094e-01
13 9.8000002e-01 -6.4856160e-01
14 9.8000002e-01 -6.4855462e-01
15 9.8000002e-01 -6.4856613e-01
16 9.8000002e-01 -6.4855427e-01
17 9.8000002e-01 -6.4854771e-01
18 9.8000002e-01 -6.4856207e-01
19 9.8000002e-01 -6.4855820e-01
20 9.8000002e-01 -6.4856756e-01
1 9.9000001e-01 -9.5209777e-01
2 9.9000001e-01 -9.5208436e-01
3 9.9000001e-01 -9.5209175e-01
4 9.9000001e-01 -9.5206904e-01
5 9.9000001e-01 -9.5208746e-01
6 9.9000001e-01 -9.5207649e-01
7 9.9000001e-01 -9.5208210e-01
8 9.9000001e-01 -9.5209765e-01
9 9.9000001e-01 -9.5208818e-01
10 9.9000001e-01 -9.5209676e-01
11 9.9000001e-01 -9.5207971e-01
12 9.9000001e-01 -9.5208663e-01
13 9.9000001e-01 -9.5208639e-01
14 9.9000001e-01 -9.5210224e-01
15 9.9000001e-01 -9.5208800e-01
16 9.9000001e-01 -9.5207131e-01
17 9.9000001e-01 -9.5207584e-01
18 9.9000001e-01 -9.5208961e-01
19 9.9000001e-01 -9.5208204e-01
20 9.9000001e-01 -9.5208138e-01
1 1.0000000e+00 9.9998850e-01
2 1.0000000e+00 9.9997890e-01
3 1.0000000e+00 1.0000114e+00
4 1.0000000e+00 1.0000268e+00
5 1.0000000e+00 1.0000033e+00
6 1.0000000e+00 9.9999732e-01
7 1.0000000e+00 9.9999464e-01
8 1.0000000e+00 1.0000142e+00
9 1.0000000e+00 1.0000075e+00
10 1.0000000e+00 9.9999577e-01
11 1.0000000e+00 9.9998933e-01
12 1.0000000e+00 9.9999875e-01
13 1.0000000e+00 1.0000142e+00
14 1.0000000e+00 1.0000104e+00
15 1.0000000e+00 1.0000157e+00
16 1.0000000e+00 9.9998838e-01
17 1.0000000e+00 1.0000157e+00
18 1.0000000e+00 9.9998099e-01
19 1.0000000e+00 9.9998927e-01
20 1.0000000e+00 9.9996239e-01
