i x t
1 5.0000000000000000e-01 -5.0000000000000000e-01
1 5.0100000000000000e-01 -4.8046875000000000e-01
1 5.0200000000000000e-01 -4.5996093750000000e-01
1 5.0300000000000000e-01 -4.3945312500000000e-01
1 5.0400000000000000e-01 -4.1992187500000000e-01
1 5.0500000000000000e-01 -3.9160156250000000e-01
1 5.0600000000000001e-01 -3.7500000000000000e-01
1 5.0700000000000001e-01 -3.5839843750000000e-01
1 5.0800000000000001e-01 -3.3300781250000000e-01
1 5.0900000000000001e-01 -3.1640625000000000e-01
1 5.1000000000000001e-01 -2.9003906250000000e-01
1 5.1100000000000001e-01 -2.6171875000000000e-01
1 5.1200000000000001e-01 -2.5488281250000000e-01
1 5.1300000000000001e-01 -2.1582031250000000e-01
1 5.1400000000000001e-01 -2.0996093750000000e-01
1 5.1500000000000001e-01 -1.7089843750000000e-01
1 5.1600000000000001e-01 -1.3964843750000000e-01
1 5.1700000000000002e-01 -1.2792968750000000e-01
1 5.1800000000000002e-01 -1.0351562500000000e-01
1 5.1900000000000002e-01 -8.1054687500000000e-02
1 5.2000000000000002e-01 -5.6640625000000000e-02
1 5.2100000000000002e-01 -3.6132812500000000e-02
1 5.2200000000000002e-01 -9.7656250000000000e-03
1 5.2300000000000002e-01 1.0253906250000000e-02
1 5.2400000000000002e-01 3.5156250000000000e-02
1 5.2500000000000002e-01 5.8105468750000000e-02
1 5.2600000000000002e-01 7.1777343750000000e-02
1 5.2700000000000002e-01 1.0742187500000000e-01
1 5.2800000000000002e-01 1.3867187500000000e-01
1 5.2900000000000003e-01 1.4453125000000000e-01
1 5.3000000000000003e-01 1.8603515625000000e-01
1 5.3100000000000003e-01 2.0019531250000000e-01
1 5.3200000000000003e-01 2.2265625000000000e-01
1 5.3300000000000003e-01 2.4414062500000000e-01
1 5.3400000000000003e-01 2.6660156250000000e-01
1 5.3500000000000003e-01 2.9150390625000000e-01
1 5.3600000000000003e-01 3.1152343750000000e-01
1 5.3700000000000003e-01 3.3740234375000000e-01
1 5.3800000000000003e-01 3.5009765625000000e-01
1 5.3900000000000003e-01 3.8183593750000000e-01
1 5.4000000000000004e-01 3.9550781250000000e-01
1 5.4100000000000004e-01 4.2529296875000000e-01
1 5.4200000000000004e-01 4.4921875000000000e-01
1 5.4300000000000004e-01 4.7021484375000000e-01
1 5.4400000000000004e-01 4.8291015625000000e-01
1 5.4500000000000004e-01 5.1269531250000000e-01
1 5.4600000000000004e-01 5.2490234375000000e-01
1 5.4700000000000004e-01 5.4687500000000000e-01
1 5.4800000000000004e-01 5.7470703125000000e-01
1 5.4900000000000004e-01 5.9423828125000000e-01
1 5.5000000000000004e-01 6.0791015625000000e-01
1 5.5100000000000005e-01 6.2695312500000000e-01
1 5.5200000000000005e-01 6.4648437500000000e-01
1 5.5300000000000005e-01 6.6406250000000000e-01
1 5.5400000000000005e-01 6.7578125000000000e-01
1 5.5500000000000005e-01 7.0019531250000000e-01
1 5.5600000000000005e-01 7.1191406250000000e-01
1 5.5700000000000005e-01 7.2949218750000000e-01
1 5.5800000000000005e-01 7.4658203125000000e-01
1 5.5900000000000005e-01 7.6367187500000000e-01
1 5.6000000000000005e-01 7.7929687500000000e-01
1 5.6100000000000005e-01 7.8955078125000000e-01
1 5.6200000000000006e-01 8.1054687500000000e-01
1 5.6299999999999994e-01 8.1982421875000000e-01
1 5.6399999999999995e-01 8.3447265625000000e-01
1 5.6499999999999995e-01 8.4863281250000000e-01
1 5.6599999999999995e-01 8.6132812500000000e-01
1 5.6699999999999995e-01 8.7011718750000000e-01
1 5.6799999999999995e-01 8.8281250000000000e-01
1 5.6899999999999995e-01 8.9843750000000000e-01
1 5.6999999999999995e-01 9.0966796875000000e-01
1 5.7099999999999995e-01 9.1699218750000000e-01
1 5.7199999999999995e-01 9.2333984375000000e-01
1 5.7299999999999995e-01 9.3310546875000000e-01
1 5.7399999999999995e-01 9.4531250000000000e-01
1 5.7499999999999996e-01 9.4775390625000000e-01
1 5.7599999999999996e-01 9.5849609375000000e-01
1 5.7699999999999996e-01 9.6582031250000000e-01
1 5.7799999999999996e-01 9.7021484375000000e-01
1 5.7899999999999996e-01 9.7656250000000000e-01
1 5.7999999999999996e-01 9.7998046875000000e-01
1 5.8099999999999996e-01 9.8681640625000000e-01
1 5.8199999999999996e-01 9.8925781250000000e-01
1 5.8299999999999996e-01 9.9316406250000000e-01
1 5.8399999999999996e-01 9.9560546875000000e-01
1 5.8499999999999996e-01 9.9755859375000000e-01
1 5.8599999999999997e-01 9.9951171875000000e-01
1 5.8699999999999997e-01 1.0000000000000000e+00
1 5.8799999999999997e-01 1.0000000000000000e+00
1 5.8899999999999997e-01 9.9951171875000000e-01
1 5.8999999999999997e-01 9.9853515625000000e-01
1 5.9099999999999997e-01 9.9658203125000000e-01
1 5.9199999999999997e-01 9.9365234375000000e-01
1 5.9299999999999997e-01 9.9169921875000000e-01
1 5.9399999999999997e-01 9.8876953125000000e-01
1 5.9499999999999997e-01 9.8583984375000000e-01
1 5.9599999999999997e-01 9.7900390625000000e-01
1 5.9699999999999998e-01 9.7509765625000000e-01
1 5.9799999999999998e-01 9.6826171875000000e-01
1 5.9899999999999998e-01 9.6093750000000000e-01
1 5.9999999999999998e-01 9.5263671875000000e-01
1 6.0099999999999998e-01 9.4628906250000000e-01
1 6.0199999999999998e-01 9.3652343750000000e-01
1 6.0299999999999998e-01 9.2968750000000000e-01
1 6.0399999999999998e-01 9.1845703125000000e-01
1 6.0499999999999998e-01 9.0673828125000000e-01
1 6.0599999999999998e-01 8.9843750000000000e-01
1 6.0699999999999998e-01 8.8916015625000000e-01
1 6.0799999999999998e-01 8.7988281250000000e-01
1 6.0899999999999999e-01 8.6035156250000000e-01
1 6.0999999999999999e-01 8.5058593750000000e-01
1 6.1099999999999999e-01 8.3935546875000000e-01
1 6.1199999999999999e-01 8.1738281250000000e-01
1 6.1299999999999999e-01 8.0566406250000000e-01
1 6.1399999999999999e-01 7.9345703125000000e-01
1 6.1499999999999999e-01 7.8027343750000000e-01
1 6.1599999999999999e-01 7.6660156250000000e-01
1 6.1699999999999999e-01 7.3974609375000000e-01
1 6.1799999999999999e-01 7.2607421875000000e-01
1 6.1899999999999999e-01 7.1191406250000000e-01
1 6.2000000000000000e-01 6.8261718750000000e-01
1 6.2100000000000000e-01 6.6699218750000000e-01
1 6.2200000000000000e-01 6.5039062500000000e-01
1 6.2300000000000000e-01 6.2695312500000000e-01
1 6.2400000000000000e-01 6.1035156250000000e-01
1 6.2500000000000000e-01 5.9277343750000000e-01
1 6.2600000000000000e-01 5.7470703125000000e-01
1 6.2700000000000000e-01 5.5761718750000000e-01
1 6.2800000000000000e-01 5.3125000000000000e-01
1 6.2900000000000000e-01 5.1269531250000000e-01
1 6.3000000000000000e-01 4.9365234375000000e-01
1 6.3100000000000001e-01 4.5507812500000000e-01
1 6.3200000000000001e-01 4.3554687500000000e-01
1 6.3300000000000001e-01 4.1650390625000000e-01
1 6.3400000000000001e-01 3.9501953125000000e-01
1 6.3500000000000001e-01 3.7500000000000000e-01
1 6.3600000000000001e-01 3.3056640625000000e-01
1 6.3700000000000001e-01 3.0761718750000000e-01
1 6.3800000000000001e-01 2.8662109375000000e-01
1 6.3900000000000001e-01 2.6562500000000000e-01
1 6.4000000000000001e-01 2.4462890625000000e-01
1 6.4100000000000001e-01 2.2119140625000000e-01
1 6.4200000000000002e-01 1.9921875000000000e-01
1 6.4300000000000002e-01 1.7529296875000000e-01
1 6.4400000000000002e-01 1.2890625000000000e-01
1 6.4500000000000002e-01 1.1865234375000000e-01
1 6.4600000000000002e-01 9.3750000000000000e-02
1 6.4700000000000002e-01 5.8593750000000000e-02
1 6.4800000000000002e-01 3.3691406250000000e-02
1 6.4900000000000002e-01 1.0253906250000000e-02
1 6.5000000000000002e-01 -1.1718750000000000e-02
1 6.5100000000000002e-01 -3.6132812500000000e-02
1 6.5200000000000002e-01 -6.1523437500000000e-02
1 6.5300000000000002e-01 -9.8632812500000000e-02
1 6.5400000000000003e-01 -1.1035156250000000e-01
1 6.5500000000000003e-01 -1.3378906250000000e-01
1 6.5600000000000003e-01 -1.7187500000000000e-01
1 6.5700000000000003e-01 -2.0214843750000000e-01
1 6.5800000000000003e-01 -2.1386718750000000e-01
1 6.5900000000000003e-01 -2.6562500000000000e-01
1 6.6000000000000003e-01 -2.7734375000000000e-01
1 6.6100000000000003e-01 -3.1542968750000000e-01
1 6.6200000000000003e-01 -3.4277343750000000e-01
1 6.6300000000000003e-01 -3.5156250000000000e-01
1 6.6400000000000003e-01 -3.8867187500000000e-01
1 6.6500000000000004e-01 -4.1503906250000000e-01
1 6.6600000000000004e-01 -4.3847656250000000e-01
1 6.6700000000000004e-01 -4.6093750000000000e-01
1 6.6800000000000004e-01 -4.5605468750000000e-01
1 6.6900000000000004e-01 -5.1367187500000000e-01
1 6.7000000000000004e-01 -5.0390625000000000e-01
1 6.7100000000000004e-01 -5.2832031250000000e-01
1 6.7200000000000004e-01 -5.4882812500000000e-01
1 6.7300000000000004e-01 -5.7226562500000000e-01
1 6.7400000000000004e-01 -5.9277343750000000e-01
1 6.7500000000000004e-01 -6.2207031250000000e-01
1 6.7600000000000005e-01 -6.4062500000000000e-01
1 6.7700000000000005e-01 -6.6796875000000000e-01
1 6.7800000000000005e-01 -6.9335937500000000e-01
1 6.7900000000000005e-01 -7.2070312500000000e-01
1 6.8000000000000005e-01 -7.3632812500000000e-01
1 6.8100000000000005e-01 -7.5781250000000000e-01
1 6.8200000000000005e-01 -7.8125000000000000e-01
1 6.8300000000000005e-01 -7.6562500000000000e-01
1 6.8400000000000005e-01 -8.1933593750000000e-01
1 6.8500000000000005e-01 -8.0566406250000000e-01
1 6.8600000000000005e-01 -8.2421875000000000e-01
1 6.8700000000000006e-01 -8.4863281250000000e-01
1 6.8799999999999994e-01 -8.6425781250000000e-01
1 6.8899999999999995e-01 -8.8671875000000000e-01
1 6.8999999999999995e-01 -9.0234375000000000e-01
1 6.9099999999999995e-01 -8.8574218750000000e-01
1 6.9199999999999995e-01 -9.2089843750000000e-01
1 6.9299999999999995e-01 -9.1699218750000000e-01
1 6.9399999999999995e-01 -9.2968750000000000e-01
1 6.9499999999999995e-01 -9.3164062500000000e-01
1 6.9599999999999995e-01 -9.4726562500000000e-01
1 6.9699999999999995e-01 -9.5898437500000000e-01
1 6.9799999999999995e-01 -1.0000000000000000e+00
1 6.9899999999999995e-01 -9.8339843750000000e-01
1 6.9999999999999996e-01 -9.5996093750000000e-01
1 7.0099999999999996e-01 -9.7265625000000000e-01
1 7.0199999999999996e-01 -1.0000000000000000e+00
1 7.0299999999999996e-01 -9.9804687500000000e-01
1 7.0399999999999996e-01 -1.0058593750000000e+00
1 7.0499999999999996e-01 -9.8437500000000000e-01
1 7.0599999999999996e-01 -9.9023437500000000e-01
1 7.0699999999999996e-01 -9.9023437500000000e-01
1 7.0799999999999996e-01 -1.0058593750000000e+00
1 7.0899999999999996e-01 -9.9316406250000000e-01
1 7.0999999999999996e-01 -9.9902343750000000e-01
1 7.1099999999999997e-01 -1.0039062500000000e+00
1 7.1199999999999997e-01 -1.0078125000000000e+00
1 7.1299999999999997e-01 -9.8242187500000000e-01
1 7.1399999999999997e-01 -9.8437500000000000e-01
1 7.1499999999999997e-01 -9.7070312500000000e-01
1 7.1599999999999997e-01 -9.4433593750000000e-01
1 7.1699999999999997e-01 -9.4433593750000000e-01
1 7.1799999999999997e-01 -9.4531250000000000e-01
1 7.1899999999999997e-01 -9.5800781250000000e-01
1 7.1999999999999997e-01 -9.5800781250000000e-01
1 7.2099999999999997e-01 -9.1210937500000000e-01
1 7.2199999999999998e-01 -9.1015625000000000e-01
1 7.2299999999999998e-01 -9.0820312500000000e-01
1 7.2399999999999998e-01 -8.7695312500000000e-01
1 7.2499999999999998e-01 -8.7011718750000000e-01
1 7.2599999999999998e-01 -8.6718750000000000e-01
1 7.2699999999999998e-01 -8.3593750000000000e-01
1 7.2799999999999998e-01 -8.1738281250000000e-01
1 7.2899999999999998e-01 -8.1054687500000000e-01
1 7.2999999999999998e-01 -8.0468750000000000e-01
1 7.3099999999999998e-01 -7.8613281250000000e-01
1 7.3199999999999998e-01 -7.5292968750000000e-01
1 7.3299999999999998e-01 -7.3144531250000000e-01
1 7.3399999999999999e-01 -7.2265625000000000e-01
1 7.3499999999999999e-01 -6.7675781250000000e-01
1 7.3599999999999999e-01 -6.6699218750000000e-01
1 7.3699999999999999e-01 -6.4550781250000000e-01
1 7.3799999999999999e-01 -6.3281250000000000e-01
1 7.3899999999999999e-01 -6.1132812500000000e-01
1 7.3999999999999999e-01 -5.8886718750000000e-01
1 7.4099999999999999e-01 -5.4687500000000000e-01
1 7.4199999999999999e-01 -5.2343750000000000e-01
1 7.4299999999999999e-01 -5.0976562500000000e-01
1 7.4399999999999999e-01 -4.8535156250000000e-01
1 7.4500000000000000e-01 -4.4824218750000000e-01
1 7.4600000000000000e-01 -4.2285156250000000e-01
1 7.4700000000000000e-01 -3.9746093750000000e-01
1 7.4800000000000000e-01 -3.5546875000000000e-01
1 7.4900000000000000e-01 -3.3789062500000000e-01
1 7.5000000000000000e-01 -3.1250000000000000e-01
1 7.5100000000000000e-01 -2.8613281250000000e-01
1 7.5200000000000000e-01 -2.6074218750000000e-01
1 7.5300000000000000e-01 -2.2460937500000000e-01
1 7.5400000000000000e-01 -1.9824218750000000e-01
1 7.5500000000000000e-01 -1.7187500000000000e-01
1 7.5600000000000001e-01 -1.2792968750000000e-01
1 7.5700000000000001e-01 -1.0253906250000000e-01
1 7.5800000000000001e-01 -5.9570312500000000e-02
1 7.5900000000000001e-01 -3.4179687500000000e-02
1 7.6000000000000001e-01 -6.8359375000000000e-03
1 7.6100000000000001e-01 2.0996093750000000e-02
1 7.6200000000000001e-01 4.8339843750000000e-02
1 7.6300000000000001e-01 7.3730468750000000e-02
1 7.6400000000000001e-01 1.0058593750000000e-01
1 7.6500000000000001e-01 1.4404296875000000e-01
1 7.6600000000000001e-01 1.8164062500000000e-01
1 7.6700000000000002e-01 2.0654296875000000e-01
1 7.6800000000000002e-01 2.3339843750000000e-01
1 7.6900000000000002e-01 2.5927734375000000e-01
1 7.7000000000000002e-01 2.8466796875000000e-01
1 7.7100000000000002e-01 3.1884765625000000e-01
1 7.7200000000000002e-01 3.6083984375000000e-01
1 7.7300000000000002e-01 3.8623046875000000e-01
1 7.7400000000000002e-01 4.1064453125000000e-01
1 7.7500000000000002e-01 4.3505859375000000e-01
1 7.7600000000000002e-01 4.6923828125000000e-01
1 7.7700000000000002e-01 4.9218750000000000e-01
1 7.7800000000000002e-01 5.3222656250000000e-01
1 7.7900000000000003e-01 5.5468750000000000e-01
1 7.8000000000000003e-01 5.7714843750000000e-01
1 7.8100000000000003e-01 6.0351562500000000e-01
1 7.8200000000000003e-01 6.2109375000000000e-01
1 7.8300000000000003e-01 6.5527343750000000e-01
1 7.8400000000000003e-01 6.7578125000000000e-01
1 7.8500000000000003e-01 6.9531250000000000e-01
1 7.8600000000000003e-01 7.1972656250000000e-01
1 7.8700000000000003e-01 7.3876953125000000e-01
1 7.8800000000000003e-01 7.6757812500000000e-01
1 7.8900000000000003e-01 7.8613281250000000e-01
1 7.9000000000000004e-01 8.0273437500000000e-01
1 7.9100000000000004e-01 8.2226562500000000e-01
1 7.9200000000000004e-01 8.4667968750000000e-01
1 7.9300000000000004e-01 8.6132812500000000e-01
1 7.9400000000000004e-01 8.7597656250000000e-01
1 7.9500000000000004e-01 8.8916015625000000e-01
1 7.9600000000000004e-01 9.0966796875000000e-01
1 7.9700000000000004e-01 9.2138671875000000e-01
1 7.9800000000000004e-01 9.3261718750000000e-01
1 7.9900000000000004e-01 9.4238281250000000e-01
1 8.0000000000000004e-01 9.5605468750000000e-01
1 8.0100000000000005e-01 9.6484375000000000e-01
1 8.0200000000000005e-01 9.7216796875000000e-01
1 8.0300000000000005e-01 9.7998046875000000e-01
1 8.0400000000000005e-01 9.8535156250000000e-01
1 8.0500000000000005e-01 9.9023437500000000e-01
1 8.0600000000000005e-01 9.9365234375000000e-01
1 8.0700000000000005e-01 9.9755859375000000e-01
1 8.0800000000000005e-01 9.9951171875000000e-01
1 8.0900000000000005e-01 1.0000000000000000e+00
1 8.1000000000000005e-01 9.9951171875000000e-01
1 8.1100000000000005e-01 9.9755859375000000e-01
1 8.1200000000000006e-01 9.9511718750000000e-01
1 8.1299999999999994e-01 9.9023437500000000e-01
1 8.1399999999999995e-01 9.8535156250000000e-01
1 8.1499999999999995e-01 9.7998046875000000e-01
1 8.1599999999999995e-01 9.6972656250000000e-01
1 8.1699999999999995e-01 9.6191406250000000e-01
1 8.1799999999999995e-01 9.5410156250000000e-01
1 8.1899999999999995e-01 9.3896484375000000e-01
1 8.1999999999999995e-01 9.2871093750000000e-01
1 8.2099999999999995e-01 9.1748046875000000e-01
1 8.2199999999999995e-01 8.9843750000000000e-01
1 8.2299999999999995e-01 8.8818359375000000e-01
1 8.2399999999999995e-01 8.6621093750000000e-01
1 8.2499999999999996e-01 8.5205078125000000e-01
1 8.2599999999999996e-01 8.3544921875000000e-01
1 8.2699999999999996e-01 8.1005859375000000e-01
1 8.2799999999999996e-01 7.9101562500000000e-01
1 8.2899999999999996e-01 7.7148437500000000e-01
1 8.2999999999999996e-01 7.4218750000000000e-01
1 8.3099999999999996e-01 7.2167968750000000e-01
1 8.3199999999999996e-01 6.9335937500000000e-01
1 8.3299999999999996e-01 6.6943359375000000e-01
1 8.3399999999999996e-01 6.4501953125000000e-01
1 8.3499999999999996e-01 6.0839843750000000e-01
1 8.3599999999999997e-01 5.8447265625000000e-01
1 8.3699999999999997e-01 5.4687500000000000e-01
1 8.3799999999999997e-01 5.1757812500000000e-01
1 8.3899999999999997e-01 4.8828125000000000e-01
1 8.3999999999999997e-01 4.5800781250000000e-01
1 8.4099999999999997e-01 4.1455078125000000e-01
1 8.4199999999999997e-01 3.8281250000000000e-01
1 8.4299999999999997e-01 3.5937500000000000e-01
1 8.4399999999999997e-01 3.1591796875000000e-01
1 8.4499999999999997e-01 2.9248046875000000e-01
1 8.4599999999999997e-01 2.5000000000000000e-01
1 8.4699999999999998e-01 2.2656250000000000e-01
1 8.4799999999999998e-01 1.7089843750000000e-01
1 8.4899999999999998e-01 1.4648437500000000e-01
1 8.4999999999999998e-01 1.0351562500000000e-01
1 8.5099999999999998e-01 6.4941406250000000e-02
1 8.5199999999999998e-01 1.9531250000000000e-02
1 8.5299999999999998e-01 -3.9062500000000000e-03
1 8.5399999999999998e-01 -6.3476562500000000e-02
1 8.5499999999999998e-01 -8.7890625000000000e-02
1 8.5599999999999998e-01 -1.3574218750000000e-01
1 8.5699999999999998e-01 -1.7382812500000000e-01
1 8.5799999999999998e-01 -2.1972656250000000e-01
1 8.5899999999999999e-01 -2.4218750000000000e-01
1 8.5999999999999999e-01 -2.9101562500000000e-01
1 8.6099999999999999e-01 -3.3203125000000000e-01
1 8.6199999999999999e-01 -3.5546875000000000e-01
1 8.6299999999999999e-01 -3.7500000000000000e-01
1 8.6399999999999999e-01 -4.1992187500000000e-01
1 8.6499999999999999e-01 -4.5312500000000000e-01
1 8.6599999999999999e-01 -4.9902343750000000e-01
1 8.6699999999999999e-01 -5.1855468750000000e-01
1 8.6799999999999999e-01 -5.5761718750000000e-01
1 8.6899999999999999e-01 -5.9765625000000000e-01
1 8.7000000000000000e-01 -6.4160156250000000e-01
1 8.7100000000000000e-01 -6.5625000000000000e-01
1 8.7200000000000000e-01 -6.7187500000000000e-01
1 8.7300000000000000e-01 -7.1093750000000000e-01
1 8.7400000000000000e-01 -7.5488281250000000e-01
1 8.7500000000000000e-01 -7.9003906250000000e-01
1 8.7600000000000000e-01 -7.9589843750000000e-01
1 8.7700000000000000e-01 -8.3886718750000000e-01
1 8.7800000000000000e-01 -8.7304687500000000e-01
1 8.7900000000000000e-01 -8.8281250000000000e-01
1 8.8000000000000000e-01 -8.8476562500000000e-01
1 8.8100000000000001e-01 -9.4824218750000000e-01
1 8.8200000000000001e-01 -9.1992187500000000e-01
1 8.8300000000000001e-01 -9.4726562500000000e-01
1 8.8400000000000001e-01 -9.5214843750000000e-01
1 8.8500000000000001e-01 -9.7949218750000000e-01
1 8.8600000000000001e-01 -9.5800781250000000e-01
1 8.8700000000000001e-01 -9.9609375000000000e-01
1 8.8800000000000001e-01 -9.8046875000000000e-01
1 8.8900000000000001e-01 -1.0039062500000000e+00
1 8.9000000000000001e-01 -9.9804687500000000e-01
1 8.9100000000000001e-01 -9.7558593750000000e-01
1 8.9200000000000002e-01 -1.0351562500000000e+00
1 8.9300000000000002e-01 -9.8730468750000000e-01
1 8.9400000000000002e-01 -9.9902343750000000e-01
1 8.9500000000000002e-01 -9.8828125000000000e-01
1 8.9600000000000002e-01 -1.0058593750000000e+00
1 8.9700000000000002e-01 -9.6972656250000000e-01
1 8.9800000000000002e-01 -8.9648437500000000e-01
1 8.9900000000000002e-01 -9.2382812500000000e-01
1 9.0000000000000002e-01 -9.2773437500000000e-01
1 9.0100000000000002e-01 -8.8867187500000000e-01
1 9.0200000000000002e-01 -8.6914062500000000e-01
1 9.0300000000000002e-01 -8.6914062500000000e-01
1 9.0400000000000003e-01 -8.2714843750000000e-01
1 9.0500000000000003e-01 -8.0468750000000000e-01
1 9.0600000000000003e-01 -8.0175781250000000e-01
1 9.0700000000000003e-01 -7.4609375000000000e-01
1 9.0800000000000003e-01 -7.4023437500000000e-01
1 9.0900000000000003e-01 -7.1777343750000000e-01
1 9.1000000000000003e-01 -6.6113281250000000e-01
1 9.1100000000000003e-01 -5.5957031250000000e-01
1 9.1200000000000003e-01 -5.3515625000000000e-01
1 9.1300000000000003e-01 -5.2246093750000000e-01
1 9.1400000000000003e-01 -4.6777343750000000e-01
1 9.1500000000000004e-01 -4.5312500000000000e-01
1 9.1600000000000004e-01 -4.2089843750000000e-01
1 9.1700000000000004e-01 -3.2031250000000000e-01
1 9.1800000000000004e-01 -3.0273437500000000e-01
1 9.1900000000000004e-01 -2.4316406250000000e-01
1 9.2000000000000004e-01 -2.1191406250000000e-01
1 9.2100000000000004e-01 -1.9042968750000000e-01
1 9.2200000000000004e-01 -8.7890625000000000e-02
1 9.2300000000000004e-01 -6.7382812500000000e-02
1 9.2400000000000004e-01 3.1250000000000000e-02
1 9.2500000000000004e-01 6.2011718750000000e-02
1 9.2600000000000005e-01 8.6914062500000000e-02
1 9.2700000000000005e-01 1.4697265625000000e-01
1 9.2800000000000005e-01 2.4169921875000000e-01
1 9.2900000000000005e-01 2.6513671875000000e-01
1 9.3000000000000005e-01 2.9443359375000000e-01
1 9.3100000000000005e-01 3.8281250000000000e-01
1 9.3200000000000005e-01 4.0576171875000000e-01
1 9.3300000000000005e-01 4.8779296875000000e-01
1 9.3400000000000005e-01 5.1074218750000000e-01
1 9.3500000000000005e-01 5.6298828125000000e-01
1 9.3600000000000005e-01 6.3574218750000000e-01
1 9.3700000000000006e-01 6.5625000000000000e-01
1 9.3799999999999994e-01 7.2070312500000000e-01
1 9.3899999999999995e-01 7.3925781250000000e-01
1 9.3999999999999995e-01 7.9638671875000000e-01
1 9.4099999999999995e-01 8.1445312500000000e-01
1 9.4199999999999995e-01 8.3007812500000000e-01
1 9.4299999999999995e-01 8.7646484375000000e-01
1 9.4399999999999995e-01 8.8964843750000000e-01
1 9.4499999999999995e-01 9.2675781250000000e-01
1 9.4599999999999995e-01 9.4726562500000000e-01
1 9.4699999999999995e-01 9.7216796875000000e-01
1 9.4799999999999995e-01 9.7851562500000000e-01
1 9.4899999999999995e-01 9.9316406250000000e-01
1 9.4999999999999996e-01 9.9804687500000000e-01
1 9.5099999999999996e-01 9.9951171875000000e-01
1 9.5199999999999996e-01 9.9804687500000000e-01
1 9.5299999999999996e-01 9.8876953125000000e-01
1 9.5399999999999996e-01 9.7851562500000000e-01
1 9.5499999999999996e-01 9.7167968750000000e-01
1 9.5599999999999996e-01 9.4628906250000000e-01
1 9.5699999999999996e-01 9.1308593750000000e-01
1 9.5799999999999996e-01 8.8671875000000000e-01
1 9.5899999999999996e-01 8.7207031250000000e-01
1 9.5999999999999996e-01 8.0664062500000000e-01
1 9.6099999999999997e-01 7.8808593750000000e-01
1 9.6199999999999997e-01 7.2753906250000000e-01
1 9.6299999999999997e-01 6.8457031250000000e-01
1 9.6399999999999997e-01 6.1230468750000000e-01
1 9.6499999999999997e-01 5.6152343750000000e-01
1 9.6599999999999997e-01 4.7998046875000000e-01
1 9.6699999999999997e-01 4.2382812500000000e-01
1 9.6799999999999997e-01 3.3203125000000000e-01
1 9.6899999999999997e-01 2.7294921875000000e-01
1 9.6999999999999997e-01 1.7529296875000000e-01
1 9.7099999999999997e-01 1.1181640625000000e-01
1 9.7199999999999998e-01 9.7656250000000000e-03
1 9.7299999999999998e-01 -5.5664062500000000e-02
1 9.7399999999999998e-01 -1.5820312500000000e-01
1 9.7499999999999998e-01 -2.2167968750000000e-01
1 9.7599999999999998e-01 -3.7109375000000000e-01
1 9.7699999999999998e-01 -3.8671875000000000e-01
1 9.7799999999999998e-01 -5.3320312500000000e-01
1 9.7899999999999998e-01 -5.8496093750000000e-01
1 9.7999999999999998e-01 -6.7871093750000000e-01
1 9.8099999999999998e-01 -7.1972656250000000e-01
1 9.8199999999999998e-01 -8.4863281250000000e-01
1 9.8299999999999998e-01 -8.2812500000000000e-01
1 9.8399999999999999e-01 -9.3847656250000000e-01
1 9.8499999999999999e-01 -9.4335937500000000e-01
1 9.8599999999999999e-01 -1.0292968750000000e+00
1 9.8699999999999999e-01 -9.6582031250000000e-01
1 9.8799999999999999e-01 -1.0175781250000000e+00
1 9.8899999999999999e-01 -9.6972656250000000e-01
1 9.8999999999999999e-01 -9.7753906250000000e-01
1 9.9099999999999999e-01 -8.8964843750000000e-01
1 9.9199999999999999e-01 -8.5058593750000000e-01
1 9.9299999999999999e-01 -6.7871093750000000e-01
1 9.9399999999999999e-01 -5.7714843750000000e-01
1 9.9500000000000000e-01 -3.9843750000000000e-01
1 9.9600000000000000e-01 -2.2265625000000000e-01
1 9.9700000000000000e-01 1.9531250000000000e-03
1 9.9800000000000000e-01 2.9882812500000000e-01
1 9.9900000000000000e-01 6.3085937500000000e-01
1 1.0000000000000000e+00 1.0000000000000000e+00
