Info [verificarlo]: loaded backend libinterflop_cancellation.so
Info [cancellation]: load backend with:
Info [cancellation]: tolerance = 1
Info [cancellation]: warning = false
Info [cancellation]: seed = 0
Info [cancellation]: ddebug: only 7 addresses will be instrumented
 i Ai+1                  Ti+1
 1 2.914635385813866e+00 2.428862821511555e-01
 2 2.852188335078663e+00 1.188411806282776e-01
 3 2.847453435321380e+00 5.932194656919541e-02
 4 2.844625802780119e+00 2.963151877895957e-02
 5 2.844185803958888e+00 1.481346772895254e-02
 6 2.844008451068246e+00 7.406272007990224e-03
 7 2.843980421287759e+00 3.703099506885103e-03
 8 2.843972323143756e+00 1.851544481213383e-03
 9 2.843969118919139e+00 9.257711975648238e-04
10 2.843968458521334e+00 4.628854912957901e-04
11 2.843968232093483e+00 2.314427272211493e-04
12 2.843968205210408e+00 1.157213625166995e-04
13 2.843968205031476e+00 5.786068125470938e-05
14 2.843968205034375e+00 2.893034062738419e-05
15 2.843968582094582e+00 1.446517223151948e-05
16 2.843966695884495e+00 7.232581318879434e-06
17 2.843962546151638e+00 3.616285382781522e-06
18 2.843966695891954e+00 1.808145329724601e-06
19 2.843962546154185e+00 9.040713456961901e-07
20 2.843194088801855e+00 4.519135298414000e-07
21 2.843962546154391e+00 2.260178364240639e-07
22 2.843194088801854e+00 1.129783824603500e-07
23 2.769772218863397e+00 5.503042973803277e-08
24 2.843194088801851e+00 2.824459561508746e-08
25 3.165453964415311e+00 1.572297992515222e-08
5.773502691896258e-01
2.428862821511555e-01
1.188411806282776e-01
5.932194656919541e-02
2.963151877895957e-02
1.481346772895254e-02
7.406272007990224e-03
3.703099506885103e-03
1.851544481213383e-03
9.257711975648238e-04
4.628854912957901e-04
2.314427272211493e-04
1.157213625166995e-04
5.786068125470938e-05
2.893034062738419e-05
1.446517223151948e-05
7.232581318879434e-06
3.616285382781522e-06
1.808145329724601e-06
9.040713456961901e-07
4.519135298414000e-07
2.260178364240639e-07
1.129783824603500e-07
5.503042973803277e-08
2.824459561508746e-08
3.165453964415311e+00
