Info [verificarlo]: loaded backend libinterflop_cancellation.so
Info [cancellation]: load backend with:
Info [cancellation]: tolerance = 1
Info [cancellation]: warning = false
Info [cancellation]: seed = 0
Info [cancellation]: ddebug: only 2 addresses will be instrumented
 i Ai+1                  Ti+1
 1 3.282988121295793e+00 2.735823434413160e-01
 2 3.252856120523178e+00 1.355356716884657e-01
 3 3.252035230340280e+00 6.775073396542249e-02
 4 3.250355984206417e+00 3.385787483548350e-02
 5 3.248782261146482e+00 1.692074094347126e-02
 6 3.248757915235029e+00 8.460307070924553e-03
 7 3.248692173777072e+00 4.230067934605562e-03
 8 3.248695345552481e+00 2.115036032260730e-03
 9 3.248696371162096e+00 1.057518349987661e-03
10 3.248695103499752e+00 5.287589686685793e-04
11 3.248695187111648e+00 2.643794911386432e-04
12 3.248695043410466e+00 1.321897397221056e-04
13 3.248694994067994e+00 6.609486885717761e-05
14 3.248695048781910e+00 3.304743498516754e-05
15 3.248695320710221e+00 1.652371887568268e-05
16 3.248693728305239e+00 8.261855388146055e-06
17 3.248695320608930e+00 4.130929718791873e-06
18 3.248693728337976e+00 2.065463847057327e-06
19 3.248526232197714e+00 1.032678677939642e-06
20 3.248017339884007e+00 5.162584527149211e-07
21 3.247173243347210e+00 2.580621435918180e-07
22 3.248017339884206e+00 1.290646131787382e-07
23 3.203877600102663e+00 6.365532875265009e-08
24 3.160233087454885e+00 3.139409509753073e-08
25 2.847891200091261e+00 1.414562861170004e-08
5.773502691896258e-01
2.735823434413160e-01
1.355356716884657e-01
6.775073396542249e-02
3.385787483548350e-02
1.692074094347126e-02
8.460307070924553e-03
4.230067934605562e-03
2.115036032260730e-03
1.057518349987661e-03
5.287589686685793e-04
2.643794911386432e-04
1.321897397221056e-04
6.609486885717761e-05
3.304743498516754e-05
1.652371887568268e-05
8.261855388146055e-06
4.130929718791873e-06
2.065463847057327e-06
1.032678677939642e-06
5.162584527149211e-07
2.580621435918180e-07
1.290646131787382e-07
6.365532875265009e-08
3.139409509753073e-08
2.847891200091261e+00
