Info [verificarlo]: loaded backend libinterflop_cancellation.so
Info [cancellation]: load backend with:
Info [cancellation]: tolerance = 1
Info [cancellation]: warning = false
Info [cancellation]: seed = 0
Info [cancellation]: ddebug: only 1 addresses will be instrumented
 i Ai+1                  Ti+1
 1 2.943294862544198e+00 2.452745718786832e-01
 2 2.901606423105219e+00 1.209002676293841e-01
 3 2.893380031299007e+00 6.027875065206266e-02
 4 2.890515398782803e+00 3.010953540398753e-02
 5 2.889932263052778e+00 1.505173053673322e-02
 6 2.889708413625677e+00 7.525282327150201e-03
 7 2.889673669960091e+00 3.762595924427202e-03
 8 2.889663662163343e+00 1.881291446720927e-03
 9 2.889661727900153e+00 9.406450937174977e-04
10 2.889661412693641e+00 4.703224955556057e-04
11 2.889661276156772e+00 2.351612366664040e-04
12 2.889661235611603e+00 1.175806166834149e-04
13 2.889661239253195e+00 5.879030841579580e-05
14 2.889661047495223e+00 2.939515225723494e-05
15 2.889661239735370e+00 1.469757710640142e-05
16 2.889661047534756e+00 7.348788064409270e-06
17 2.889643418190843e+00 3.674371615334630e-06
18 2.889589760670353e+00 1.837151693134533e-06
19 2.889548367260145e+00 9.185626879565380e-07
20 2.889589760671855e+00 4.592879232838718e-07
21 2.889548367259880e+00 2.296406719891135e-07
22 2.871339720078082e+00 1.140967893631491e-07
23 2.840572971204605e+00 5.643711430240878e-08
24 2.772328005592633e+00 2.754060432903601e-08
25 1.623184554974059e+00 8.062444900344108e-09
5.773502691896258e-01
2.452745718786832e-01
1.209002676293841e-01
6.027875065206266e-02
3.010953540398753e-02
1.505173053673322e-02
7.525282327150201e-03
3.762595924427202e-03
1.881291446720927e-03
9.406450937174977e-04
4.703224955556057e-04
2.351612366664040e-04
1.175806166834149e-04
5.879030841579580e-05
2.939515225723494e-05
1.469757710640142e-05
7.348788064409270e-06
3.674371615334630e-06
1.837151693134533e-06
9.185626879565380e-07
4.592879232838718e-07
2.296406719891135e-07
1.140967893631491e-07
5.643711430240878e-08
2.754060432903601e-08
1.623184554974059e+00
