Info [verificarlo]: loaded backend libinterflop_cancellation.so
Info [cancellation]: load backend with:
Info [cancellation]: tolerance = 1
Info [cancellation]: warning = false
Info [cancellation]: seed = 0
Info [cancellation]: ddebug: only 1 addresses will be instrumented
 i Ai+1                  Ti+1
 1 2.938881259609130e+00 2.449067716340942e-01
 2 2.891050886333352e+00 1.204604535972230e-01
 3 2.878988845308330e+00 5.997893427725687e-02
 4 2.877025140757391e+00 2.996901188288949e-02
 5 2.876703173914257e+00 1.498282903080342e-02
 6 2.876489421568299e+00 7.490857868667446e-03
 7 2.876467359381220e+00 3.745400207527630e-03
 8 2.876452765147206e+00 1.872690602309379e-03
 9 2.876449685564533e+00 9.363442986863714e-04
10 2.876449235145697e+00 4.681720760328283e-04
11 2.876449163462191e+00 2.340860321827955e-04
12 2.876449147196120e+00 1.170430154295296e-04
13 2.876449090931451e+00 5.852150657005719e-05
14 2.876449059738778e+00 2.926075296772031e-05
15 2.876448716280130e+00 1.463037473693914e-05
16 2.876449059949466e+00 7.315188242465887e-06
17 2.876442748537604e+00 3.657586095857752e-06
18 2.876401317263890e+00 1.828766706634451e-06
19 2.876442748540605e+00 9.143965239653921e-07
20 2.876783258748299e+00 4.572523846226213e-07
21 2.877970333643516e+00 2.287205325479123e-07
22 2.882891078830589e+00 1.145557991198933e-07
23 2.829191175446176e+00 5.621097833804640e-08
24 2.783481041629530e+00 2.765139978756041e-08
25 1.616680671683530e+00 8.030139762578059e-09
5.773502691896258e-01
2.449067716340942e-01
1.204604535972230e-01
5.997893427725687e-02
2.996901188288949e-02
1.498282903080342e-02
7.490857868667446e-03
3.745400207527630e-03
1.872690602309379e-03
9.363442986863714e-04
4.681720760328283e-04
2.340860321827955e-04
1.170430154295296e-04
5.852150657005719e-05
2.926075296772031e-05
1.463037473693914e-05
7.315188242465887e-06
3.657586095857752e-06
1.828766706634451e-06
9.143965239653921e-07
4.572523846226213e-07
2.287205325479123e-07
1.145557991198933e-07
5.621097833804640e-08
2.765139978756041e-08
1.616680671683530e+00
