Info [verificarlo]: loaded backend libinterflop_cancellation.so
Info [cancellation]: load backend with:
Info [cancellation]: tolerance = 1
Info [cancellation]: warning = false
Info [cancellation]: seed = 0
Info [cancellation]: ddebug: only 4 addresses will be instrumented
 i Ai+1                  Ti+1
 1 3.231423457267576e+00 2.692852881056313e-01
 2 3.100087428974149e+00 1.291703095405896e-01
 3 3.098633445388784e+00 6.455486344559966e-02
 4 3.092594488303257e+00 3.221452591982559e-02
 5 3.092258890623565e+00 1.610551505533107e-02
 6 3.091734213768587e+00 8.051391181689028e-03
 7 3.091599153986888e+00 4.025519731753760e-03
 8 3.091568300708440e+00 2.012739779107057e-03
 9 3.091564137762915e+00 1.006368534428032e-03
10 3.091563087686578e+00 5.031840963031540e-04
11 3.091563064850511e+00 2.515920462931732e-04
12 3.091562959006706e+00 1.257960188397911e-04
13 3.091562891068114e+00 6.289800803768135e-05
14 3.091562879261132e+00 3.144900389873385e-05
15 3.091561849499793e+00 1.572449671172990e-05
16 3.091558715581268e+00 7.862240385898001e-06
17 3.091545191498513e+00 3.931102996188498e-06
18 3.091514294724624e+00 1.965531854454437e-06
19 3.091367506283646e+00 9.827192644385165e-07
20 3.090448132769339e+00 4.912135017346285e-07
21 3.088523561936120e+00 2.454537997195022e-07
22 3.073373833693466e+00 1.221249037461863e-07
23 3.019889705004118e+00 5.999981770920988e-08
24 2.980241293278529e+00 2.960603727180291e-08
25 3.019889705004121e+00 1.499995442730249e-08
5.773502691896258e-01
2.692852881056313e-01
1.291703095405896e-01
6.455486344559966e-02
3.221452591982559e-02
1.610551505533107e-02
8.051391181689028e-03
4.025519731753760e-03
2.012739779107057e-03
1.006368534428032e-03
5.031840963031540e-04
2.515920462931732e-04
1.257960188397911e-04
6.289800803768135e-05
3.144900389873385e-05
1.572449671172990e-05
7.862240385898001e-06
3.931102996188498e-06
1.965531854454437e-06
9.827192644385165e-07
4.912135017346285e-07
2.454537997195022e-07
1.221249037461863e-07
5.999981770920988e-08
2.960603727180291e-08
3.019889705004121e+00
