Info [verificarlo]: loaded backend libinterflop_cancellation.so
Info [cancellation]: load backend with:
Info [cancellation]: tolerance = 1
Info [cancellation]: warning = false
Info [cancellation]: seed = 0
Info [cancellation]: ddebug: only 1 addresses will be instrumented
 i Ai+1                  Ti+1
 1 3.346351676997033e+00 2.788626397497527e-01
 2 3.255556868054049e+00 1.356482028355854e-01
 3 3.220796373537679e+00 6.709992444870164e-02
 4 3.219972789108462e+00 3.354138321987981e-02
 5 3.218360663860080e+00 1.676229512427125e-02
 6 3.218103115633622e+00 8.380476863629223e-03
 7 3.218086914617131e+00 4.190217336741056e-03
 8 3.218054745617572e+00 2.095087725011440e-03
 9 3.218053465004755e+00 1.047543445639569e-03
10 3.218051716949033e+00 5.237714383055067e-04
11 3.218051433993292e+00 2.618856961257562e-04
12 3.218051395666676e+00 1.309428465033641e-04
13 3.218051374813641e+00 6.547142282742597e-05
14 3.218051334790047e+00 3.273571100657193e-05
15 3.218051371958199e+00 1.636785569233296e-05
16 3.218050000818722e+00 8.183924359178472e-06
17 3.218051371857399e+00 4.091963922955067e-06
18 3.218007326152617e+00 2.045953957972601e-06
19 3.218051371875350e+00 1.022990980744473e-06
20 3.217324532318968e+00 5.113799623360582e-07
21 3.218051371876458e+00 2.557477451862063e-07
22 3.211862181669622e+00 1.276279362706193e-07
23 3.152376854083068e+00 6.263210086192821e-08
24 3.211862181669601e+00 3.190698406765462e-08
25 2.802112759184951e+00 1.391824463598406e-08
5.773502691896258e-01
2.788626397497527e-01
1.356482028355854e-01
6.709992444870164e-02
3.354138321987981e-02
1.676229512427125e-02
8.380476863629223e-03
4.190217336741056e-03
2.095087725011440e-03
1.047543445639569e-03
5.237714383055067e-04
2.618856961257562e-04
1.309428465033641e-04
6.547142282742597e-05
3.273571100657193e-05
1.636785569233296e-05
8.183924359178472e-06
4.091963922955067e-06
2.045953957972601e-06
1.022990980744473e-06
5.113799623360582e-07
2.557477451862063e-07
1.276279362706193e-07
6.263210086192821e-08
3.190698406765462e-08
2.802112759184951e+00
