Info [verificarlo]: loaded backend libinterflop_cancellation.so
Info [cancellation]: load backend with:
Info [cancellation]: tolerance = 1
Info [cancellation]: warning = false
Info [cancellation]: seed = 0
Info [cancellation]: ddebug: only 3 addresses will be instrumented
 i Ai+1                  Ti+1
 1 3.276612303441275e+00 2.730510252867729e-01
 2 3.280412371877946e+00 1.366838488282477e-01
 3 3.280165592241918e+00 6.833678317170663e-02
 4 3.275152759210110e+00 3.411617457510531e-02
 5 3.272899182290701e+00 1.704634990776406e-02
 6 3.272832788810820e+00 8.523002054194845e-03
 7 3.272728177598998e+00 4.261364814582029e-03
 8 3.272695069388101e+00 2.130660852466212e-03
 9 3.272696363700041e+00 1.065330847558607e-03
10 3.272696125372576e+00 5.326653849890260e-04
11 3.272696087923571e+00 2.663326894469052e-04
12 3.272696095413384e+00 1.331663450282139e-04
13 3.272696059227823e+00 6.658317177790982e-05
14 3.272695938783863e+00 3.329158466373559e-05
15 3.272695402787406e+00 1.664578960564883e-05
16 3.272695939678753e+00 8.322896168209719e-06
17 3.272684912295346e+00 4.161434062061749e-06
18 3.272632996422622e+00 2.080684023807921e-06
19 3.272433135017901e+00 1.040278477674453e-06
20 3.272632996423788e+00 5.201710059521656e-07
21 3.271090322898239e+00 2.599629022994231e-07
22 3.267259214820641e+00 1.298292165923373e-07
23 3.271090322898272e+00 6.499072557485643e-08
24 3.095298203514287e+00 3.074902498239564e-08
25 2.907635842576245e+00 1.444238346107922e-08
5.773502691896258e-01
2.730510252867729e-01
1.366838488282477e-01
6.833678317170663e-02
3.411617457510531e-02
1.704634990776406e-02
8.523002054194845e-03
4.261364814582029e-03
2.130660852466212e-03
1.065330847558607e-03
5.326653849890260e-04
2.663326894469052e-04
1.331663450282139e-04
6.658317177790982e-05
3.329158466373559e-05
1.664578960564883e-05
8.322896168209719e-06
4.161434062061749e-06
2.080684023807921e-06
1.040278477674453e-06
5.201710059521656e-07
2.599629022994231e-07
1.298292165923373e-07
6.499072557485643e-08
3.074902498239564e-08
2.907635842576245e+00
