Info [verificarlo]: loaded backend libinterflop_cancellation.so
Info [cancellation]: load backend with:
Info [cancellation]: tolerance = 1
Info [cancellation]: warning = false
Info [cancellation]: seed = 0
Info [cancellation]: ddebug: only 1 addresses will be instrumented
 i Ai+1                  Ti+1
 1 3.188710388340983e+00 2.657258656950819e-01
 2 3.221295974782543e+00 1.342206656159393e-01
 3 3.196775467476344e+00 6.659948890575716e-02
 4 3.192650596029546e+00 3.325677704197444e-02
 5 3.191117210811578e+00 1.662040213964364e-02
 6 3.191086011105654e+00 8.310119820587641e-03
 7 3.190979446753848e+00 4.154921154627406e-03
 8 3.190956447261532e+00 2.077445603685893e-03
 9 3.190951463410485e+00 1.038721179495601e-03
10 3.190949484145545e+00 5.193602676018139e-04
11 3.190949247997514e+00 2.596801145831310e-04
12 3.190949189391687e+00 1.298400549068883e-04
13 3.190949138615250e+00 6.492002642039489e-05
14 3.190948924416472e+00 3.246001103125481e-05
15 3.190948804127211e+00 1.623000490380458e-05
16 3.190946235202971e+00 8.114995918790108e-06
17 3.190943424290801e+00 4.057494385135398e-06
18 3.190946235122865e+00 2.028748979646597e-06
19 3.190943424294746e+00 1.014373596285103e-06
20 3.190946235125010e+00 5.071872449119902e-07
21 3.189566236800149e+00 2.534839500427365e-07
22 3.174412834943263e+00 1.261398329314893e-07
23 3.189566236800122e+00 6.337098751068357e-08
24 3.174412834943263e+00 3.153495823287232e-08
25 2.835169988266777e+00 1.408244166904081e-08
5.773502691896258e-01
2.657258656950819e-01
1.342206656159393e-01
6.659948890575716e-02
3.325677704197444e-02
1.662040213964364e-02
8.310119820587641e-03
4.154921154627406e-03
2.077445603685893e-03
1.038721179495601e-03
5.193602676018139e-04
2.596801145831310e-04
1.298400549068883e-04
6.492002642039489e-05
3.246001103125481e-05
1.623000490380458e-05
8.114995918790108e-06
4.057494385135398e-06
2.028748979646597e-06
1.014373596285103e-06
5.071872449119902e-07
2.534839500427365e-07
1.261398329314893e-07
6.337098751068357e-08
3.153495823287232e-08
2.835169988266777e+00
