Info [verificarlo]: loaded backend libinterflop_cancellation.so
Info [cancellation]: load backend with:
Info [cancellation]: tolerance = 1
Info [cancellation]: warning = false
Info [cancellation]: seed = 0
Info [cancellation]: ddebug: only 2 addresses will be instrumented
 i Ai+1                  Ti+1
 1 3.091959087991209e+00 2.576632573326008e-01
 2 2.990321243517576e+00 1.245967184798990e-01
 3 2.981732739962222e+00 6.211943208254629e-02
 4 2.979413477089504e+00 3.103555705301566e-02
 5 2.978710079726878e+00 1.551411499857749e-02
 6 2.978458769690454e+00 7.756403046068890e-03
 7 2.978415458706165e+00 3.878145128523653e-03
 8 2.978399344019252e+00 1.939062072929201e-03
 9 2.978396202117268e+00 9.695300137100481e-04
10 2.978395268658893e+00 4.847648549249501e-04
11 2.978395124575988e+00 2.423824157369782e-04
12 2.978395069407308e+00 1.211912056236698e-04
13 2.978395061412106e+00 6.059560264917209e-05
14 2.978394885348029e+00 3.029779953356963e-05
15 2.978393980138739e+00 1.514889516265228e-05
16 2.978392003612137e+00 7.574442554759057e-06
17 2.978376689377622e+00 3.787201804323351e-06
18 2.978345894921024e+00 1.893581323573446e-06
19 2.978284471005217e+00 9.467711356497502e-07
20 2.977608132747109e+00 4.732780667538816e-07
21 2.975332752005291e+00 2.364582023624810e-07
22 2.977608132747186e+00 1.183195166884735e-07
23 2.928105248005203e+00 5.817622439076906e-08
24 2.689452506997454e+00 2.671731021997784e-08
25 1.673202998860116e+00 8.310889198681297e-09
5.773502691896258e-01
2.576632573326008e-01
1.245967184798990e-01
6.211943208254629e-02
3.103555705301566e-02
1.551411499857749e-02
7.756403046068890e-03
3.878145128523653e-03
1.939062072929201e-03
9.695300137100481e-04
4.847648549249501e-04
2.423824157369782e-04
1.211912056236698e-04
6.059560264917209e-05
3.029779953356963e-05
1.514889516265228e-05
7.574442554759057e-06
3.787201804323351e-06
1.893581323573446e-06
9.467711356497502e-07
4.732780667538816e-07
2.364582023624810e-07
1.183195166884735e-07
5.817622439076906e-08
2.671731021997784e-08
1.673202998860116e+00
