Info [verificarlo]: loaded backend libinterflop_cancellation.so
Info [cancellation]: load backend with:
Info [cancellation]: tolerance = 1
Info [cancellation]: warning = false
Info [cancellation]: seed = 0
Info [cancellation]: ddebug: only 2 addresses will be instrumented
 i Ai+1                  Ti+1
 1 3.037270866855224e+00 2.531059055712687e-01
 2 2.945495373563649e+00 1.227289738984854e-01
 3 2.930570698383454e+00 6.105355621632195e-02
 4 2.926763714809129e+00 3.048712202926175e-02
 5 2.925733813810371e+00 1.523819694692902e-02
 6 2.925482671627733e+00 7.618444457363888e-03
 7 2.925421207859773e+00 3.809142197734080e-03
 8 2.925413427329961e+00 1.904566033417943e-03
 9 2.925410092516651e+00 9.522819311577640e-04
10 2.925409302001085e+00 4.761408369142391e-04
11 2.925409171416924e+00 2.380704078301534e-04
12 2.925409126692856e+00 1.190352020952497e-04
13 2.925409148170190e+00 5.951760148458231e-05
14 2.925408945904378e+00 2.975879868473691e-05
15 2.925408046545109e+00 1.487939476799067e-05
16 2.925406011946449e+00 7.439692209743371e-06
17 2.925408046482597e+00 3.719848691918179e-06
18 2.925429483752122e+00 1.859937975407996e-06
19 2.925501932932898e+00 9.299920186783149e-07
20 2.924678410713845e+00 4.648651140076073e-07
21 2.920994225794110e+00 2.321397642925668e-07
22 2.912642697089585e+00 1.157380222117736e-07
23 2.896853777647032e+00 5.755531346096659e-08
24 2.718466517283611e+00 2.700553851608049e-08
25 1.655345015798305e+00 8.222187637280944e-09
5.773502691896258e-01
2.531059055712687e-01
1.227289738984854e-01
6.105355621632195e-02
3.048712202926175e-02
1.523819694692902e-02
7.618444457363888e-03
3.809142197734080e-03
1.904566033417943e-03
9.522819311577640e-04
4.761408369142391e-04
2.380704078301534e-04
1.190352020952497e-04
5.951760148458231e-05
2.975879868473691e-05
1.487939476799067e-05
7.439692209743371e-06
3.719848691918179e-06
1.859937975407996e-06
9.299920186783149e-07
4.648651140076073e-07
2.321397642925668e-07
1.157380222117736e-07
5.755531346096659e-08
2.700553851608049e-08
1.655345015798305e+00
