Info [verificarlo]: loaded backend libinterflop_cancellation.so
Info [cancellation]: load backend with:
Info [cancellation]: tolerance = 1
Info [cancellation]: warning = false
Info [cancellation]: seed = 0
Info [cancellation]: ddebug: only 1 addresses will be instrumented
 i Ai+1                  Ti+1
 1 3.211042666575487e+00 2.675868888812906e-01
 2 3.079324681321271e+00 1.283051950550530e-01
 3 3.079470144374869e+00 6.415562800780977e-02
 4 3.077860061406661e+00 3.206104230631938e-02
 5 3.077728135017921e+00 1.602983403655167e-02
 6 3.077228007218304e+00 8.013614602131000e-03
 7 3.077236665900903e+00 4.006818575391801e-03
 8 3.077225412887995e+00 2.003401961515622e-03
 9 3.077218789788866e+00 1.001698824801063e-03
10 3.077218131137552e+00 5.008493051981692e-04
11 3.077217602230372e+00 2.504246095565081e-04
12 3.077217563872539e+00 1.252123032174698e-04
13 3.077217501591001e+00 6.260615034161380e-05
14 3.077217482801698e+00 3.130307497967223e-05
15 3.077217150546373e+00 1.565153579989814e-05
16 3.077213298900199e+00 7.825758104706317e-06
17 3.077217150733365e+00 3.912883950212306e-06
18 3.077168671283987e+00 1.956411152702324e-06
19 3.077217150716983e+00 9.782209875478690e-07
20 3.077525692829158e+00 4.891595352219196e-07
21 3.078645093711562e+00 2.446687296002358e-07
22 3.083235387992217e+00 1.225167667067932e-07
23 3.101449872183462e+00 6.162027264005865e-08
24 2.901868600463263e+00 2.882747451924546e-08
25 3.101449872183465e+00 1.540506816001467e-08
5.773502691896258e-01
2.675868888812906e-01
1.283051950550530e-01
6.415562800780977e-02
3.206104230631938e-02
1.602983403655167e-02
8.013614602131000e-03
4.006818575391801e-03
2.003401961515622e-03
1.001698824801063e-03
5.008493051981692e-04
2.504246095565081e-04
1.252123032174698e-04
6.260615034161380e-05
3.130307497967223e-05
1.565153579989814e-05
7.825758104706317e-06
3.912883950212306e-06
1.956411152702324e-06
9.782209875478690e-07
4.891595352219196e-07
2.446687296002358e-07
1.225167667067932e-07
6.162027264005865e-08
2.882747451924546e-08
3.101449872183465e+00
