Info [verificarlo]: loaded backend libinterflop_cancellation.so
Info [cancellation]: load backend with:
Info [cancellation]: tolerance = 1
Info [cancellation]: warning = false
Info [cancellation]: seed = 0
Info [cancellation]: ddebug: only 1 addresses will be instrumented
 i Ai+1                  Ti+1
 1 3.011617904721284e+00 2.509681587267737e-01
 2 2.981831518698147e+00 1.242429799457561e-01
 3 2.974167841192514e+00 6.196183002484405e-02
 4 2.972277418681397e+00 3.096122311126455e-02
 5 2.971220600441437e+00 1.547510729396582e-02
 6 2.971090155474567e+00 7.737213946548352e-03
 7 2.971046714512839e+00 3.868550409521925e-03
 8 2.971035723024978e+00 1.934268048844387e-03
 9 2.971032944603116e+00 9.671331199879935e-04
10 2.971031949567498e+00 4.835663980415850e-04
11 2.971031713147125e+00 2.417831797808533e-04
12 2.971031653979976e+00 1.208915874829092e-04
13 2.971031587525845e+00 6.044579238944184e-05
14 2.971031566154727e+00 3.022289597732266e-05
15 2.971030504963183e+00 1.511144259116202e-05
16 2.971028677038424e+00 7.555716646927958e-06
17 2.971013171402839e+00 3.777838607028756e-06
18 2.971028677011777e+00 1.888929161715048e-06
19 2.970828280425335e+00 9.444008764983290e-07
20 2.970289063202312e+00 4.721147319797375e-07
21 2.970828280425565e+00 2.361002191246005e-07
22 2.958455242233319e+00 1.175584491981395e-07
23 2.947061654182152e+00 5.855285434290074e-08
24 2.672153122017197e+00 2.654545627054768e-08
25 1.684035230961229e+00 8.364693477557244e-09
5.773502691896258e-01
2.509681587267737e-01
1.242429799457561e-01
6.196183002484405e-02
3.096122311126455e-02
1.547510729396582e-02
7.737213946548352e-03
3.868550409521925e-03
1.934268048844387e-03
9.671331199879935e-04
4.835663980415850e-04
2.417831797808533e-04
1.208915874829092e-04
6.044579238944184e-05
3.022289597732266e-05
1.511144259116202e-05
7.555716646927958e-06
3.777838607028756e-06
1.888929161715048e-06
9.444008764983290e-07
4.721147319797375e-07
2.361002191246005e-07
1.175584491981395e-07
5.855285434290074e-08
2.654545627054768e-08
1.684035230961229e+00
