Info [verificarlo]: loaded backend libinterflop_cancellation.so
Info [cancellation]: load backend with:
Info [cancellation]: tolerance = 1
Info [cancellation]: warning = false
Info [cancellation]: seed = 0
Info [cancellation]: ddebug: only 3 addresses will be instrumented
 i Ai+1                  Ti+1
 1 3.490372738743514e+00 2.908643948952928e-01
 2 3.494233455977651e+00 1.455930606657354e-01
 3 3.493084529450912e+00 7.277259436356066e-02
 4 3.487821847308337e+00 3.633147757612851e-02
 5 3.487479039112249e+00 1.816395332870963e-02
 6 3.486924147985162e+00 9.080531635378026e-03
 7 3.486781730983875e+00 4.540080378885254e-03
 8 3.486776547906419e+00 2.270036815043242e-03
 9 3.486775125506802e+00 1.135017944500912e-03
10 3.486773102017653e+00 5.675086429065190e-04
11 3.486773008157523e+00 2.837543138149026e-04
12 3.486772968876411e+00 1.418771553090988e-04
13 3.486772994663940e+00 7.093857817919799e-05
14 3.486772873488488e+00 3.546928785693856e-05
15 3.486772074128636e+00 1.773463986271483e-05
16 3.486770411416347e+00 8.867315702861397e-06
17 3.486762227846750e+00 4.433647445483843e-06
18 3.486750718487465e+00 2.216816405288356e-06
19 3.486762227846766e+00 1.108411861370966e-06
20 3.486120544849320e+00 5.541039379198265e-07
21 3.484241069330031e+00 2.769026016656582e-07
22 3.470985433945732e+00 1.379245692072603e-07
23 3.484241069330003e+00 6.922565041641400e-08
24 3.551706025432863e+00 3.528302933209005e-08
25 3.800990257450908e+00 1.887972284084016e-08
5.773502691896258e-01
2.908643948952928e-01
1.455930606657354e-01
7.277259436356066e-02
3.633147757612851e-02
1.816395332870963e-02
9.080531635378026e-03
4.540080378885254e-03
2.270036815043242e-03
1.135017944500912e-03
5.675086429065190e-04
2.837543138149026e-04
1.418771553090988e-04
7.093857817919799e-05
3.546928785693856e-05
1.773463986271483e-05
8.867315702861397e-06
4.433647445483843e-06
2.216816405288356e-06
1.108411861370966e-06
5.541039379198265e-07
2.769026016656582e-07
1.379245692072603e-07
6.922565041641400e-08
3.528302933209005e-08
3.800990257450908e+00
