Info [verificarlo]: loaded backend libinterflop_cancellation.so
Info [cancellation]: load backend with:
Info [cancellation]: tolerance = 1
Info [cancellation]: warning = false
Info [cancellation]: seed = 0
Info [cancellation]: ddebug: only 4 addresses will be instrumented
 i Ai+1                  Ti+1
 1 3.225767138583113e+00 2.688139282152594e-01
 2 3.175764471479837e+00 1.323235196449932e-01
 3 3.161852463981351e+00 6.587192633294481e-02
 4 3.161795389219412e+00 3.293536863770221e-02
 5 3.161226795171688e+00 1.646472289151921e-02
 6 3.161238706471174e+00 8.232392464768683e-03
 7 3.161170915656719e+00 4.116107963094686e-03
 8 3.161171125277354e+00 2.058054118019111e-03
 9 3.161172550461105e+00 1.029027522936558e-03
10 3.161171907049622e+00 5.145136567463578e-04
11 3.161171500601056e+00 2.572567952963099e-04
12 3.161171364769162e+00 1.286283921211410e-04
13 3.161171301622488e+00 6.431419477584815e-05
14 3.161171364970194e+00 3.215709803233026e-05
15 3.161171641725609e+00 1.607855042381597e-05
16 3.161172723002379e+00 8.039277961737007e-06
17 3.161177072231311e+00 4.019644511199075e-06
18 3.161129280641203e+00 2.009791870524854e-06
19 3.160916413914069e+00 1.004828266752265e-06
20 3.160086577196567e+00 5.022822343820837e-07
21 3.159525777568444e+00 2.510965488408760e-07
22 3.160086577196348e+00 1.255705585955122e-07
23 3.115025414504147e+00 6.188999443261121e-08
24 2.889222013436653e+00 2.870184196468843e-08
25 3.115025414504140e+00 1.547249860815277e-08
5.773502691896258e-01
2.688139282152594e-01
1.323235196449932e-01
6.587192633294481e-02
3.293536863770221e-02
1.646472289151921e-02
8.232392464768683e-03
4.116107963094686e-03
2.058054118019111e-03
1.029027522936558e-03
5.145136567463578e-04
2.572567952963099e-04
1.286283921211410e-04
6.431419477584815e-05
3.215709803233026e-05
1.607855042381597e-05
8.039277961737007e-06
4.019644511199075e-06
2.009791870524854e-06
1.004828266752265e-06
5.022822343820837e-07
2.510965488408760e-07
1.255705585955122e-07
6.188999443261121e-08
2.870184196468843e-08
3.115025414504140e+00
