Info [verificarlo]: loaded backend libinterflop_cancellation.so
Info [cancellation]: load backend with:
Info [cancellation]: tolerance = 1
Info [cancellation]: warning = false
Info [cancellation]: seed = 0
Info [cancellation]: ddebug: only 1 addresses will be instrumented
 i Ai+1                  Ti+1
 1 3.035557949435423e+00 2.529631624529519e-01
 2 3.016490202600737e+00 1.256870917750307e-01
 3 3.006965172815959e+00 6.264510776699914e-02
 4 3.000696142868716e+00 3.125725148821579e-02
 5 2.999453595208564e+00 1.562215414171127e-02
 6 2.999303840716376e+00 7.810687085198896e-03
 7 2.999255517304856e+00 3.905280621490698e-03
 8 2.999238443801707e+00 1.952629195183403e-03
 9 2.999236559863816e+00 9.763139843306694e-04
10 2.999235578906902e+00 4.881568325043785e-04
11 2.999235376213048e+00 2.440783997569212e-04
12 2.999235342562037e+00 1.220391985091975e-04
13 2.999235340028358e+00 6.101959920305091e-05
14 2.999235247730280e+00 3.050979866262085e-05
15 2.999235340770376e+00 1.525489980453683e-05
16 2.999236678370504e+00 7.627453303961448e-06
17 2.999229617298756e+00 3.813717673363693e-06
18 2.999213784321088e+00 1.906848770345744e-06
19 2.998954887097312e+00 9.533420839619037e-07
20 2.998114768643077e+00 4.765375087488615e-07
21 2.996023357393228e+00 2.381025439415954e-07
22 2.980513312075609e+00 1.184349581430598e-07
23 2.925251152100480e+00 5.811951859991711e-08
24 2.692076539939261e+00 2.674337764520706e-08
25 1.671572086914561e+00 8.302788371416731e-09
5.773502691896258e-01
2.529631624529519e-01
1.256870917750307e-01
6.264510776699914e-02
3.125725148821579e-02
1.562215414171127e-02
7.810687085198896e-03
3.905280621490698e-03
1.952629195183403e-03
9.763139843306694e-04
4.881568325043785e-04
2.440783997569212e-04
1.220391985091975e-04
6.101959920305091e-05
3.050979866262085e-05
1.525489980453683e-05
7.627453303961448e-06
3.813717673363693e-06
1.906848770345744e-06
9.533420839619037e-07
4.765375087488615e-07
2.381025439415954e-07
1.184349581430598e-07
5.811951859991711e-08
2.674337764520706e-08
1.671572086914561e+00
