Info [verificarlo]: loaded backend libinterflop_cancellation.so
Info [cancellation]: load backend with:
Info [cancellation]: tolerance = 1
Info [cancellation]: warning = false
Info [cancellation]: seed = 0
Info [cancellation]: ddebug: only 2 addresses will be instrumented
 i Ai+1                  Ti+1
 1 3.054417093650978e+00 2.545347578042482e-01
 2 2.983442056849368e+00 1.243100857020570e-01
 3 2.973857218300003e+00 6.195535871458339e-02
 4 2.970227849790213e+00 3.093987343531472e-02
 5 2.969853426544151e+00 1.546798659658412e-02
 6 2.969683469650926e+00 7.733550702215954e-03
 7 2.969617576850328e+00 3.866689553190531e-03
 8 2.969608964671011e+00 1.933339169707690e-03
 9 2.969605049169613e+00 9.666683102765667e-04
10 2.969604573878264e+00 4.833340777796654e-04
11 2.969604338190686e+00 2.416670197095285e-04
12 2.969604288566411e+00 1.208335078355473e-04
13 2.969604293934873e+00 6.041675402699529e-05
14 2.969604284056018e+00 3.020837691300474e-05
15 2.969604294022222e+00 1.510418850719311e-05
16 2.969605729085073e+00 7.552097903150109e-06
17 2.969592732787180e+00 3.776032425927709e-06
18 2.969582606523278e+00 1.888009774858652e-06
19 2.969315261262284e+00 9.439199006596513e-07
20 2.968842615840261e+00 4.718848253632006e-07
21 2.966354827302716e+00 2.357447010121915e-07
22 2.962916782275802e+00 1.177357348710617e-07
23 2.942623988684274e+00 5.846468585102307e-08
24 2.676182900120081e+00 2.658548851927202e-08
25 1.681499422105300e+00 8.352097978717583e-09
5.773502691896258e-01
2.545347578042482e-01
1.243100857020570e-01
6.195535871458339e-02
3.093987343531472e-02
1.546798659658412e-02
7.733550702215954e-03
3.866689553190531e-03
1.933339169707690e-03
9.666683102765667e-04
4.833340777796654e-04
2.416670197095285e-04
1.208335078355473e-04
6.041675402699529e-05
3.020837691300474e-05
1.510418850719311e-05
7.552097903150109e-06
3.776032425927709e-06
1.888009774858652e-06
9.439199006596513e-07
4.718848253632006e-07
2.357447010121915e-07
1.177357348710617e-07
5.846468585102307e-08
2.658548851927202e-08
1.681499422105300e+00
