Info [verificarlo]: loaded backend libinterflop_cancellation.so
Info [cancellation]: load backend with:
Info [cancellation]: tolerance = 1
Info [cancellation]: warning = false
Info [cancellation]: seed = 0
Info [cancellation]: ddebug: only 1 addresses will be instrumented
 i Ai+1                  Ti+1
 1 3.323533441944858e+00 2.769611201620715e-01
 2 3.288930674294526e+00 1.370387780956052e-01
 3 3.266237375312532e+00 6.804661198567774e-02
 4 3.265904904383794e+00 3.401984275399786e-02
 5 3.264910401495901e+00 1.700474167445782e-02
 6 3.264582119007857e+00 8.501515934916295e-03
 7 3.264535816481130e+00 4.250697677709804e-03
 8 3.264536341468119e+00 2.125349180643307e-03
 9 3.264530356715608e+00 1.062672642160029e-03
10 3.264530451861588e+00 5.313363365660136e-04
11 3.264530528106611e+00 2.656681744878427e-04
12 3.264530491671830e+00 1.328340857613863e-04
13 3.264530490997071e+00 6.641704286696516e-05
14 3.264530346130235e+00 3.320851995982091e-05
15 3.264530489878186e+00 1.660426071105034e-05
16 3.264527717623147e+00 8.302123305316027e-06
17 3.264530489616970e+00 4.151065177430433e-06
18 3.264485650663073e+00 2.075504080876079e-06
19 3.264446354386998e+00 1.037739548488299e-06
20 3.264485650662420e+00 5.188760202189159e-07
21 3.263100190940571e+00 2.593279036633627e-07
22 3.253711770627416e+00 1.292908895265029e-07
23 3.198270385822591e+00 6.354392341420234e-08
24 3.165773614664496e+00 3.144913529023027e-08
25 2.842907009620083e+00 1.412087186982275e-08
5.773502691896258e-01
2.769611201620715e-01
1.370387780956052e-01
6.804661198567774e-02
3.401984275399786e-02
1.700474167445782e-02
8.501515934916295e-03
4.250697677709804e-03
2.125349180643307e-03
1.062672642160029e-03
5.313363365660136e-04
2.656681744878427e-04
1.328340857613863e-04
6.641704286696516e-05
3.320851995982091e-05
1.660426071105034e-05
8.302123305316027e-06
4.151065177430433e-06
2.075504080876079e-06
1.037739548488299e-06
5.188760202189159e-07
2.593279036633627e-07
1.292908895265029e-07
6.354392341420234e-08
3.144913529023027e-08
2.842907009620083e+00
